
354.00
411.00
352.00
359.00
355.00
357.00
430.00
353.00
351.00
351.00
351.00
429.00
430.00
376.00
301.00
289.00
351.00
352.00,202.81
352.00
352.00
358.00
358.00
352.00
332.00
378.00
358.00
351.00
351.00
286.00
429.00
431.00
356.00
353.00
353.00
430.00
358.00,1606.40
352.00
429.00
352.00
355.00
319.00
349.00
365.00
354.00
270.00
353.00
347.00
346.00
348.00
350.00
351.00
262.00
430.00
345.00
431.00
342.00
352.00
297.00,870.56
430.00
354.00
347.00
347.00
347.00
346.00
353.00
429.00
345.00
346.00
344.00
346.00
345.00
345.00
344.00
344.00
350.00
344.00,127.30
350.00
343.00
350.00
424.00
342.00
343.00
349.00
345.00
348.00
345.00
350.00
344.00
429.00
343.00
343.00
344.00
299.00
344.00,140.71
343.00
344.00
429.00
344.00
344.00
348.00
343.00
344.00
344.00
344.00
352.00
344.00
351.00
344.00
350.00
345.00
349.00
345.00,58.08
349.00
345.00
351.00
345.00
349.00
343.00
348.00
430.00
345.00
350.00
276.00
345.00
351.00
430.00
430.00
345.00
344.00
352.00
342.00,180.62
258.00
351.00
344.00
265.00
430.00
428.00
345.00
345.00
344.00
345.00
344.00
350.00
431.00
345.00
429.00
344.00
350.00
345.00
349.00,298.24
365.00
345.00
429.00
345.00
346.00
352.00
344.00
344.00
345.00
430.00
351.00
345.00
345.00
267.00
430.00
429.00
430.00,0.62
430.00
429.00
306.00
346.00
346.00
351.00
430.00
346.00
429.00
352.00
431.00
346.00
349.00
264.00
352.00
341.00
346.00
352.00
325.00
353.00,98.03
348.00
352.00
431.00
347.00
346.00
352.00
429.00
346.00
347.00
348.00
346.00
347.00
347.00
354.00
429.00
347.00
351.00
347.00
347.00
350.00,2369.17
352.00
431.00
348.00
353.00
351.00
430.00
351.00
347.00
430.00
351.00
348.00
430.00
347.00
346.00
431.00
346.00
346.00
353.00
345.00,556.61
301.00
350.00
348.00
334.00
346.00
345.00
352.00
346.00
349.00
346.00
261.00
351.00
345.00
353.00
345.00
321.00
347.00
345.00,231.82
338.00
345.00
348.00
430.00
352.00
345.00
346.00
430.00
347.00
345.00
350.00
346.00
267.00
347.00
262.00
345.00
430.00
346.00
430.00,0.63
344.00
352.00
340.00
346.00
352.00
292.00
346.00
352.00
347.00
346.00
429.00
344.00
352.00
344.00
351.00
345.00
346.00
431.00
345.00,0.62
334.00
347.00
351.00
261.00
347.00
352.00
345.00
346.00
431.00
344.00
352.00
347.00
347.00
335.00
346.00
262.00
352.00
346.00
345.00
352.00,2318.43
348.00
352.00
348.00
346.00
345.00
346.00
430.00
347.00
430.00
427.00
353.00
347.00
432.00
354.00
352.00
347.00
352.00
345.00
346.00
346.00
353.00
352.00
346.00
348.00
347.00,3386.91
350.00
345.00
353.00
429.00
347.00
430.00
347.00
345.00
346.00
346.00
346.00
347.00
351.00
352.00
349.00
429.00
352.00
351.00,200.54
347.00
345.00
273.00
346.00
345.00
352.00
345.00
346.00
347.00
346.00
346.00
353.00
348.00
347.00
347.00
348.00
430.00,0.62
346.00
352.00
346.00
347.00
319.00
345.00
345.00
350.00
323.00
347.00
353.00
351.00
430.00
348.00
347.00
431.00
345.00
347.00,71.95
347.00
345.00
383.00
351.00
345.00
350.00
346.00
350.00
346.00
346.00
431.00
353.00
259.00
344.00
346.00
347.00
351.00
431.00,288.68
431.00
430.00
430.00
352.00
345.00
347.00
353.00
352.00
344.00
351.00
353.00
353.00
347.00
354.00
352.00
352.00
345.00
347.00
348.00
344.00
346.00
348.00
269.00,325.65
429.00
353.00
345.00
346.00
344.00
351.00
351.00
353.00
346.00
346.00
345.00
346.00
431.00
352.00
345.00
346.00
430.00,0.62
346.00
341.00
346.00
349.00
432.00
345.00
430.00
347.00
346.00
347.00
348.00
346.00
348.00
345.00
351.00
352.00
429.00,0.62
351.00
432.00
345.00
346.00
353.00
352.00
345.00
430.00
346.00
346.00
348.00
430.00
347.00
348.00
347.00
345.00
275.00
346.00
346.00,1997.81
347.00
345.00
431.00
348.00
431.00
327.00
348.00
348.00
346.00
345.00
347.00
347.00
351.00
351.00
353.00
430.00
348.00,0.62
345.00
347.00
353.00
430.00
346.00
351.00
347.00
353.00
347.00
345.00
431.00
430.00
352.00
351.00
346.00
346.00
345.00,0.62
429.00
351.00
351.00
346.00
351.00
346.00
345.00
352.00
348.00
431.00
345.00
347.00
352.00
347.00
346.00
431.00
352.00,0.62
351.00
347.00
346.00
345.00
353.00
267.00
353.00
347.00
347.00
348.00
346.00
348.00
431.00
347.00
346.00
345.00
347.00
343.00,150.94
347.00
346.00
352.00
345.00
346.00
345.00
431.00
346.00
346.00
346.00
350.00
385.00
346.00
352.00
432.00
430.00
431.00
430.00,177.38
431.00
372.00
431.00
351.00
351.00
351.00
351.00
352.00
348.00
346.00
345.00
346.00
347.00
345.00
344.00
345.00
283.00
351.00
346.00
346.00,0.64
329.00
345.00
261.00
345.00
345.00
322.00
261.00
347.00
351.00
347.00
431.00
430.00
346.00
346.00
352.00
347.00
306.00
310.00
430.00,110.42
431.00
282.00
346.00
345.00
428.00
345.00
346.00
345.00
431.00
352.00
346.00
344.00
346.00
346.00
345.00
353.00
319.00
353.00,297.77
346.00
352.00
431.00
346.00
345.00
288.00
406.00
344.00
346.00
346.00
346.00
345.00
344.00
314.00
432.00
315.00
346.00
345.00,183.54
346.00
345.00
346.00
344.00
346.00
346.00
351.00
351.00
432.00
345.00
347.00
352.00
345.00
346.00
347.00
430.00
353.00
353.00
344.00,68.51
345.00
346.00
345.00
431.00
346.00
347.00
346.00
344.00
346.00
351.00
352.00
345.00
345.00
352.00
349.00
346.00
346.00,0.62
260.00
431.00
351.00
352.00
345.00
346.00
346.00
345.00
346.00
345.00
345.00
350.00
350.00
346.00
344.00
253.00
352.00
343.00,27.65
343.00
346.00
260.00
431.00
350.00
345.00
351.00
345.00
431.00
344.00
430.00
344.00
343.00
430.00
346.00
344.00
351.00
346.00
337.00,351.59
352.00
346.00
347.00
431.00
350.00
431.00
345.00
431.00
432.00
347.00
353.00
346.00
351.00
352.00
347.00
347.00
351.00
347.00,189.18
357.00
294.00
430.00
346.00
352.00
342.00
344.00
346.00
351.00
346.00
345.00
256.00
352.00
344.00
344.00
286.00
351.00
347.00,0.62
351.00
352.00
349.00
346.00
431.00
347.00
346.00
345.00
331.00
351.00
346.00
351.00
346.00
330.00
346.00
431.00
346.00
344.00,0.62
352.00
346.00
330.00
346.00
345.00
352.00
346.00
430.00
344.00
345.00
351.00
345.00
351.00
347.00
352.00
346.00
430.00,0.62
345.00
344.00
350.00
345.00
352.00
346.00
352.00
346.00
341.00
346.00
430.00
349.00
346.00
352.00
345.00
431.00
346.00,0.62
346.00
430.00
345.00
344.00
431.00
351.00
346.00
431.00
345.00
346.00
351.00
345.00
345.00
430.00
344.00
430.00
346.00,0.62
337.00
345.00
347.00
321.00
345.00
361.00
345.00
343.00
351.00
346.00
345.00
345.00
350.00
351.00
347.00
337.00
345.00
346.00
326.00,194.01
346.00
346.00
431.00
345.00
346.00
352.00
345.00
347.00
346.00
352.00
351.00
431.00
267.00
345.00
345.00
345.00
346.00
351.00,0.62
318.00
351.00
346.00
345.00
431.00
430.00
345.00
346.00
345.00
273.00
351.00
267.00
345.00
352.00
430.00
345.00
351.00
347.00,78.60
346.00
431.00
353.00
295.00
351.00
352.00
353.00
316.00
351.00
352.00
352.00
350.00
349.00
338.00
430.00
345.00
345.00,0.62
345.00
345.00
345.00
429.00
349.00
346.00
343.00
346.00
431.00
345.00
348.00
353.00
346.00
345.00
432.00
352.00
346.00
346.00,0.62
431.00
351.00
335.00
431.00
346.00
346.00
352.00
352.00
352.00
346.00
352.00
347.00
345.00
349.00
345.00
431.00
350.00,0.62
345.00
347.00
345.00
430.00
352.00
345.00
429.00
431.00
344.00
431.00
347.00
345.00
431.00
431.00
346.00
346.00
345.00,0.62
371.00
350.00
353.00
262.00
346.00
431.00
347.00
264.00
347.00
432.00
345.00
344.00
346.00
432.00
352.00
338.00
352.00
346.00,243.87
353.00
345.00
345.00
345.00
431.00
352.00
346.00
347.00
431.00
317.00
346.00
430.00
346.00
347.00
347.00
346.00
431.00,0.62
352.00
351.00
347.00
431.00
431.00
354.00
347.00
345.00
353.00
432.00
347.00
431.00
429.00
347.00
352.00
353.00
352.00
348.00,212.24
346.00
347.00
353.00
351.00
292.00
348.00
346.00
343.00
353.00
274.00
431.00
299.00
348.00
346.00
346.00
346.00
350.00
346.00,127.03
315.00
431.00
352.00
352.00
345.00
347.00
346.00
345.00
347.00
346.00
353.00
431.00
347.00
349.00
352.00
354.00
430.00
349.00,225.66
351.00
346.00
273.00
347.00
432.00
345.00
352.00
346.00
347.00
353.00
323.00
346.00
271.00
346.00
346.00
346.00
352.00
353.00,0.62
346.00
347.00
345.00
346.00
346.00
346.00
348.00
346.00
347.00
431.00
347.00
430.00
348.00
431.00
347.00
352.00
339.00
345.00,332.01
345.00
353.00
345.00
347.00
349.00
345.00
348.00
347.00
343.00
345.00
431.00
432.00
345.00
352.00
347.00
430.00
348.00
345.00
347.00
347.00
349.00
353.00,184.14
348.00
353.00
353.00
346.00
339.00
351.00
345.00
431.00
353.00
347.00
346.00
350.00
260.00
351.00
347.00
352.00
345.00
347.00,373.98
431.00
352.00
346.00
263.00
431.00
332.00
351.00
345.00
346.00
430.00
352.00
345.00
347.00
346.00
346.00
265.00
345.00
345.00,342.85
346.00
346.00
348.00
346.00
347.00
346.00
347.00
347.00
353.00
353.00
329.00
432.00
351.00
353.00
345.00
346.00
346.00,0.62
346.00
352.00
346.00
346.00
347.00
345.00
347.00
432.00
347.00
353.00
346.00
346.00
346.00
346.00
430.00
352.00
347.00
346.00
347.00
432.00,122.59
352.00
353.00
352.00
352.00
352.00
353.00
352.00
351.00
345.00
346.00
347.00
345.00
431.00
347.00
431.00
352.00
348.00,0.62
354.00
349.00
342.00
350.00
347.00
347.00
347.00
346.00
346.00
347.00
348.00
347.00
346.00
347.00
347.00
346.00
353.00
348.00,8.98
347.00
349.00
348.00
347.00
353.00
355.00
348.00
346.00
432.00
354.00
353.00
345.00
347.00
431.00
430.00
347.00
310.00,0.62
353.00
354.00
352.00
348.00
347.00
280.00
349.00
430.00
348.00
348.00
354.00
432.00
347.00
354.00
429.00
348.00
432.00
348.00,121.89
432.00
348.00
430.00
353.00
348.00
348.00
354.00
430.00
348.00
348.00
276.00
352.00
346.00
430.00
268.00
352.00
347.00
348.00,0.62
348.00
354.00
338.00
353.00
348.00
354.00
353.00
347.00
354.00
354.00
348.00
353.00
347.00
350.00
347.00
346.00
355.00
349.00,84.27
347.00
337.00
349.00
348.00
354.00
335.00
432.00
349.00
353.00
348.00
354.00
429.00
431.00
431.00
354.00
348.00
348.00,356.70
347.00
431.00
354.00
347.00
347.00
347.00
325.00
431.00
348.00
349.00
430.00
353.00
354.00
354.00
353.00
349.00
347.00,0.62
429.00
354.00
348.00
430.00
348.00
431.00
348.00
346.00
354.00
349.00
349.00
348.00
347.00
431.00
354.00
353.00
430.00,0.62
348.00
348.00
348.00
348.00
348.00
432.00
354.00
355.00
354.00
354.00
354.00
354.00
354.00
354.00
347.00
432.00
348.00,0.62
354.00
348.00
349.00
432.00
349.00
347.00
431.00
355.00
348.00
347.00
347.00
347.00
351.00
352.00
431.00
347.00
348.00,0.62
349.00
353.00
347.00
347.00
354.00
346.00
354.00
341.00
432.00
274.00
354.00
346.00
431.00
353.00
347.00
348.00
347.00,0.62
430.00
430.00
273.00
267.00
432.00
430.00
349.00
285.00
313.00
432.00
431.00
431.00
354.00
346.00
430.00
347.00
353.00
264.00,59.15
347.00
321.00
264.00
348.00
345.00
347.00
432.00
348.00
347.00
353.00
274.00
348.00
430.00
346.00
432.00
347.00
348.00,0.62
353.00
432.00
346.00
346.00
352.00
353.00
349.00
431.00
271.00
346.00
347.00
354.00
430.00
347.00
347.00
345.00
348.00
352.00,403.38
352.00
431.00
342.00
347.00
347.00
353.00
431.00
346.00
346.00
432.00
347.00
432.00
348.00
347.00
354.00
346.00
345.00
347.00,139.18
353.00
348.00
346.00
347.00
346.00
304.00
431.00
431.00
349.00
347.00
347.00
346.00
347.00
351.00
352.00
346.00
430.00,0.62
278.00
347.00
348.00
346.00
353.00
432.00
346.00
347.00
345.00
354.00
431.00
348.00
346.00
432.00
346.00
354.00
432.00
347.00,0.62
354.00
347.00
348.00
431.00
347.00
347.00
430.00
347.00
353.00
348.00
353.00
347.00
349.00
430.00
348.00
346.00
266.00
346.00,0.62
346.00
353.00
354.00
312.00
430.00
430.00
332.00
346.00
352.00
352.00
354.00
431.00
430.00
346.00
347.00
345.00
352.00
353.00,201.02
352.00
353.00
352.00
352.00
352.00
346.00
350.00
352.00
352.00
352.00
350.00
348.00
347.00
353.00
352.00
353.00
351.00,0.62
351.00
352.00
352.00
347.00
337.00
431.00
431.00
432.00
432.00
353.00
353.00
354.00
346.00
347.00
347.00
353.00
350.00
347.00,0.62
348.00
433.00
352.00
346.00
345.00
345.00
345.00
347.00
346.00
432.00
351.00
353.00
340.00
432.00
346.00
353.00
329.00
432.00,121.77
430.00
309.00
267.00
346.00
348.00
346.00
353.00
430.00
346.00
347.00
353.00
323.00
347.00
354.00
346.00
338.00
347.00,0.62
353.00
290.00
347.00
351.00
351.00
346.00
346.00
348.00
354.00
328.00
394.00
348.00
347.00
348.00
346.00
345.00
352.00,0.62
317.00
346.00
347.00
353.00
431.00
348.00
346.00
353.00
348.00
345.00
348.00
346.00
348.00
353.00
352.00
340.00
352.00,0.62
431.00
430.00
346.00
347.00
348.00
347.00
348.00
347.00
347.00
352.00
353.00
430.00
264.00
348.00
347.00
348.00
352.00,0.62
350.00
432.00
346.00
347.00
346.00
345.00
346.00
345.00
348.00
347.00
352.00
351.00
346.00
347.00
346.00
347.00
279.00
432.00,148.05
431.00
352.00
283.00
347.00
348.00
353.00
347.00
431.00
347.00
346.00
352.00
309.00
346.00
352.00
348.00
430.00
349.00
345.00,402.62
305.00
353.00
348.00
345.00
345.00
353.00
347.00
341.00
353.00
346.00
348.00
432.00
352.00
353.00
347.00
346.00
296.00
352.00
345.00,106.34
430.00
346.00
431.00
346.00
346.00
347.00
346.00
352.00
351.00
351.00
312.00
346.00
431.00
346.00
352.00
347.00
347.00
432.00,0.62
346.00
340.00
345.00
431.00
347.00
347.00
353.00
346.00
431.00
352.00
346.00
369.00
352.00
347.00
267.00
352.00
345.00
274.00,186.17
352.00
345.00
267.00
348.00
320.00
348.00
277.00
348.00
431.00
346.00
342.00
347.00
353.00
348.00
346.00
430.00
347.00,0.62
352.00
265.00
353.00
402.00
346.00
351.00
347.00
348.00
431.00
347.00
431.00
346.00
352.00
346.00
353.00
347.00
346.00
431.00,93.16
346.00
352.00
268.00
346.00
353.00
346.00
345.00
353.00
430.00
347.00
346.00
349.00
345.00
345.00
350.00
346.00
351.00
351.00
278.00,147.73
347.00
353.00
346.00
346.00
431.00
347.00
348.00
430.00
346.00
352.00
431.00
346.00
352.00
345.00
352.00
432.00
345.00
431.00,108.82
346.00
353.00
346.00
351.00
347.00
432.00
346.00
353.00
346.00
352.00
347.00
353.00
347.00
310.00
346.00
430.00
347.00
313.00,69.26
349.00
346.00
432.00
348.00
346.00
430.00
353.00
347.00
310.00
352.00
347.00
353.00
347.00
353.00
347.00
353.00
347.00
349.00,0.62
347.00
431.00
345.00
348.00
352.00
347.00
430.00
350.00
347.00
351.00
345.00
346.00
353.00
346.00
347.00
352.00
347.00,0.62
346.00
430.00
354.00
346.00
347.00
339.00
431.00
351.00
354.00
347.00
347.00
346.00
429.00
348.00
354.00
353.00
345.00,0.62
347.00
353.00
347.00
345.00
354.00
347.00
346.00
345.00
430.00
346.00
348.00
351.00
346.00
343.00
352.00
348.00
432.00,0.62
347.00
347.00
354.00
348.00
432.00
345.00
346.00
353.00
347.00
349.00
347.00
353.00
346.00
347.00
342.00
347.00
347.00
432.00,0.62
341.00
352.00
353.00
351.00
351.00
353.00
353.00
346.00
346.00
347.00
347.00
346.00
347.00
347.00
346.00
345.00
348.00,0.62
354.00
353.00
430.00
348.00
345.00
345.00
353.00
317.00
322.00
345.00
352.00
344.00
271.00
347.00
347.00
348.00
346.00,0.62
431.00
351.00
351.00
352.00
346.00
269.00
353.00
346.00
321.00
353.00
352.00
432.00
430.00
389.00
264.00
353.00
353.00
353.00
353.00,215.22
353.00
353.00
353.00
349.00
353.00
353.00
353.00
353.00
352.00
352.00
354.00
353.00
352.00
346.00
345.00
348.00
430.00,0.62
432.00
339.00
352.00
350.00
347.00
345.00
347.00
348.00
346.00
347.00
329.00
430.00
432.00
346.00
349.00
347.00
346.00
342.00,292.56
268.00
273.00
271.00
270.00
430.00
430.00
338.00
354.00
353.00
348.00
347.00
346.00
346.00
346.00
347.00
348.00
347.00,0.62
348.00
351.00
353.00
342.00
431.00
341.00
347.00
346.00
346.00
346.00
353.00
326.00
430.00
272.00
348.00
346.00
348.00,0.62
347.00
346.00
346.00
346.00
353.00
352.00
352.00
352.00
352.00
349.00
352.00
351.00
353.00
352.00
347.00
348.00
348.00,0.62
344.00
349.00
351.00
346.00
352.00
346.00
431.00
351.00
348.00
345.00
345.00
431.00
349.00
347.00
353.00
345.00
425.00
346.00,129.48
346.00
353.00
346.00
352.00
345.00
432.00
346.00
348.00
354.00
345.00
430.00
346.00
432.00
347.00
432.00
346.00
352.00,0.62
346.00
353.00
347.00
353.00
346.00
354.00
347.00
347.00
432.00
346.00
351.00
345.00
353.00
348.00
351.00
262.00
348.00
348.00,96.29
353.00
346.00
431.00
346.00
342.00
347.00
289.00
347.00
262.00
352.00
353.00
346.00
346.00
325.00
347.00
346.00
352.00
345.00
430.00,0.62
348.00
347.00
353.00
347.00
352.00
347.00
353.00
354.00
346.00
346.00
347.00
431.00
352.00
348.00
350.00
347.00
415.00
350.00,232.72
346.00
431.00
347.00
346.00
351.00
347.00
353.00
346.00
430.00
347.00
347.00
352.00
347.00
352.00
345.00
346.00
431.00,0.62
353.00
347.00
346.00
346.00
432.00
431.00
264.00
347.00
348.00
432.00
347.00
349.00
431.00
354.00
354.00
346.00
431.00
347.00
348.00,246.09
431.00
353.00
353.00
347.00
347.00
346.00
347.00
348.00
349.00
353.00
352.00
432.00
347.00
348.00
346.00
350.00
353.00,0.62
352.00
353.00
352.00
346.00
348.00
347.00
353.00
354.00
353.00
347.00
346.00
348.00
346.00
346.00
431.00
347.00
430.00
348.00
347.00,118.90
353.00
346.00
353.00
347.00
352.00
347.00
346.00
347.00
431.00
352.00
346.00
431.00
354.00
346.00
354.00
431.00
348.00
432.00
348.00,0.64
347.00
353.00
347.00
352.00
348.00
347.00
270.00
353.00
346.00
347.00
352.00
345.00
352.00
272.00
352.00
345.00
340.00,0.62
348.00
346.00
432.00
347.00
348.00
364.00
352.00
348.00
348.00
351.00
346.00
431.00
346.00
430.00
346.00
402.00
347.00
261.00,121.27
344.00
351.00
348.00
351.00
347.00
321.00
351.00
345.00
432.00
346.00
283.00
352.00
347.00
353.00
348.00
353.00
345.00
352.00,50.53
347.00
345.00
431.00
347.00
352.00
346.00
353.00
343.00
352.00
347.00
352.00
345.00
431.00
345.00
347.00
352.00
347.00,0.62
297.00
353.00
347.00
324.00
347.00
430.00
347.00
352.00
430.00
347.00
353.00
430.00
345.00
347.00
353.00
346.00
431.00
345.00,182.37
353.00
266.00
346.00
347.00
354.00
352.00
432.00
326.00
347.00
346.00
347.00
347.00
352.00
351.00
431.00
281.00
347.00
346.00,71.78
346.00
345.00
353.00
351.00
431.00
348.00
346.00
432.00
351.00
345.00
347.00
347.00
345.00
346.00
345.00
346.00
353.00
347.00,133.90
352.00
346.00
354.00
346.00
348.00
314.00
346.00
353.00
348.00
352.00
346.00
349.00
346.00
351.00
348.00
352.00
347.00
353.00,144.07
347.00
351.00
347.00
326.00
352.00
348.00
353.00
431.00
347.00
339.00
347.00
348.00
351.00
347.00
350.00
346.00
346.00
353.00
347.00,318.77
346.00
352.00
348.00
345.00
432.00
354.00
347.00
346.00
332.00
269.00
348.00
347.00
343.00
430.00
352.00
348.00
412.00
431.00,288.51
353.00
353.00
347.00
430.00
338.00
347.00
262.00
349.00
430.00
345.00
321.00
346.00
346.00
340.00
315.00
351.00
351.00,0.62
431.00
346.00
345.00
352.00
347.00
346.00
430.00
346.00
353.00
343.00
346.00
347.00
432.00
431.00
349.00
346.00
346.00
346.00
346.00,0.64
346.00
431.00
345.00
431.00
306.00
345.00
352.00
340.00
331.00
346.00
346.00
350.00
345.00
352.00
333.00
351.00
345.00
431.00
345.00,201.47
347.00
351.00
345.00
367.00
351.00
346.00
347.00
352.00
352.00
345.00
346.00
346.00
340.00
432.00
345.00
346.00
353.00
346.00,149.24
346.00
350.00
346.00
346.00
350.00
432.00
348.00
351.00
347.00
346.00
352.00
346.00
345.00
430.00
352.00
347.00
346.00,0.62
346.00
345.00
337.00
432.00
352.00
346.00
346.00
346.00
351.00
345.00
346.00
350.00
352.00
352.00
352.00
352.00
309.00
346.00
346.00
346.00,688.80
432.00
346.00
344.00
345.00
345.00
352.00
346.00
351.00
321.00
345.00
352.00
345.00
347.00
345.00
347.00
346.00
429.00
345.00
432.00,0.63
345.00
431.00
345.00
351.00
339.00
346.00
351.00
430.00
346.00
346.00
432.00
345.00
336.00
346.00
352.00
345.00
352.00,0.62
345.00
352.00
345.00
352.00
346.00
351.00
346.00
351.00
274.00
345.00
431.00
346.00
351.00
346.00
346.00
431.00
345.00
432.00,34.55
344.00
257.00
346.00
331.00
346.00
346.00
346.00
351.00
346.00
352.00
346.00
346.00
366.00
344.00
432.00
345.00
344.00
351.00,117.58
346.00
352.00
345.00
352.00
346.00
352.00
345.00
345.00
351.00
346.00
346.00
351.00
346.00
348.00
345.00
350.00
344.00
352.00,89.38
346.00
350.00
344.00
352.00
344.00
351.00
344.00
348.00
346.00
352.00
346.00
344.00
432.00
345.00
352.00
346.00
344.00,0.62
430.00
345.00
353.00
345.00
344.00
352.00
346.00
344.00
351.00
430.00
345.00
349.00
431.00
346.00
346.00
431.00
345.00,0.62
345.00
431.00
346.00
344.00
432.00
346.00
345.00
351.00
431.00
346.00
345.00
351.00
430.00
351.00
431.00
431.00
346.00
345.00
351.00
431.00,643.82
345.00
345.00
431.00
345.00
349.00
311.00
345.00
350.00
345.00
351.00
345.00
346.00
349.00
345.00
345.00
351.00
430.00
346.00,82.42
344.00
346.00
345.00
345.00
352.00
430.00
345.00
343.00
352.00
431.00
346.00
344.00
431.00
344.00
352.00
344.00
351.00,375.59
345.00
352.00
430.00
352.00
346.00
352.00
346.00
352.00
344.00
344.00
431.00
344.00
351.00
254.00
344.00
345.00
350.00,0.62
352.00
350.00
350.00
350.00
346.00
344.00
346.00
344.00
346.00
344.00
323.00
431.00
432.00
343.00
352.00
350.00
346.00
344.00,147.16
345.00
345.00
344.00
344.00
345.00
344.00
344.00
259.00
431.00
431.00
430.00
432.00
429.00
430.00
431.00
431.00
334.00
351.00,47.73
350.00
343.00
345.00
345.00
327.00
430.00
350.00
345.00
344.00
343.00
345.00
432.00
349.00
345.00
343.00
430.00
351.00
344.00,0.62
344.00
344.00
431.00
349.00
344.00
345.00
344.00
340.00
431.00
346.00
345.00
344.00
431.00
348.00
345.00
346.00
430.00,0.62
352.00
344.00
345.00
345.00
431.00
351.00
344.00
345.00
345.00
346.00
349.00
344.00
344.00
274.00
332.00
346.00
345.00
346.00,0.62
266.00
431.00
351.00
344.00
345.00
344.00
328.00
432.00
351.00
344.00
345.00
344.00
431.00
347.00
345.00
324.00
351.00,0.62
345.00
345.00
349.00
345.00
344.00
328.00
345.00
344.00
430.00
350.00
344.00
344.00
430.00
348.00
345.00
430.00
344.00,0.62
344.00
337.00
343.00
264.00
345.00
351.00
345.00
431.00
343.00
345.00
350.00
343.00
306.00
349.00
344.00
345.00
325.00
344.00,218.91
343.00
309.00
347.00
346.00
344.00
315.00
348.00
345.00
430.00
345.00
345.00
431.00
343.00
344.00
339.00
345.00
346.00,0.62
320.00
344.00
344.00
350.00
345.00
345.00
315.00
343.00
346.00
430.00
349.00
344.00
430.00
344.00
344.00
432.00
345.00,0.62
344.00
432.00
345.00
345.00
430.00
344.00
344.00
351.00
344.00
328.00
345.00
344.00
430.00
345.00
344.00
350.00
344.00,0.62
345.00
351.00
344.00
431.00
345.00
345.00
291.00
350.00
344.00
345.00
376.00
350.00
344.00
345.00
257.00
336.00
345.00
344.00,228.83
345.00
431.00
350.00
345.00
345.00
351.00
345.00
345.00
342.00
344.00
344.00
432.00
344.00
345.00
431.00
344.00
345.00,0.62
348.00
344.00
337.00
350.00
345.00
432.00
344.00
344.00
345.00
310.00
351.00
345.00
430.00
345.00
343.00
350.00
344.00
345.00,106.73
343.00
430.00
343.00
430.00
344.00
262.00
344.00
344.00
349.00
345.00
311.00
345.00
429.00
343.00
345.00
349.00
344.00
351.00,0.63
344.00
430.00
344.00
344.00
344.00
343.00
344.00
304.00
343.00
429.00
345.00
432.00
344.00
343.00
345.00
350.00
344.00
345.00,0.62
364.00
344.00
431.00
345.00
432.00
344.00
431.00
344.00
346.00
345.00
432.00
345.00
431.00
344.00
431.00
344.00
431.00,0.62
344.00
431.00
344.00
430.00
343.00
343.00
351.00
344.00
430.00
345.00
349.00
345.00
430.00
346.00
346.00
351.00
344.00
345.00
344.00,110.65
345.00
345.00
351.00
343.00
345.00
351.00
344.00
343.00
350.00
344.00
346.00
352.00
344.00
431.00
345.00
345.00
350.00,0.62
345.00
431.00
344.00
329.00
343.00
346.00
346.00
345.00
349.00
345.00
311.00
344.00
432.00
344.00
286.00
344.00
344.00,0.62
351.00
343.00
431.00
343.00
342.00
430.00
344.00
430.00
343.00
345.00
345.00
345.00
432.00
346.00
250.00
348.00
346.00
352.00
345.00,0.63
431.00
344.00
431.00
343.00
351.00
344.00
345.00
344.00
349.00
343.00
344.00
344.00
320.00
343.00
432.00
343.00
344.00
344.00,152.70
350.00
345.00
351.00
346.00
349.00
345.00
350.00
344.00
348.00
344.00
430.00
343.00
318.00
346.00
344.00
349.00
344.00,0.62
431.00
345.00
345.00
432.00
344.00
344.00
350.00
343.00
431.00
347.00
345.00
350.00
345.00
430.00
344.00
430.00
345.00
343.00,274.25
430.00
342.00
318.00
345.00
343.00
351.00
345.00
430.00
345.00
431.00
345.00
431.00
344.00
430.00
344.00
345.00
351.00,0.62
345.00
432.00
345.00
431.00
345.00
344.00
350.00
344.00
350.00
344.00
344.00
349.00
346.00
345.00
430.00
344.00
351.00
345.00,120.65
346.00
318.00
344.00
432.00
344.00
351.00
344.00
345.00
431.00
344.00
350.00
340.00
345.00
348.00
346.00
345.00
430.00,0.62
345.00
351.00
345.00
345.00
383.00
344.00
431.00
344.00
347.00
344.00
344.00
430.00
345.00
349.00
345.00
348.00
345.00
344.00,100.17
345.00
348.00
344.00
344.00
345.00
344.00
338.00
345.00
344.00
328.00
344.00
345.00
344.00
346.00
352.00
345.00
320.00
350.00,136.34
343.00
429.00
344.00
345.00
350.00
346.00
350.00
344.00
432.00
346.00
347.00
345.00
351.00
344.00
349.00
344.00
249.00
347.00,0.62
345.00
430.00
345.00
346.00
349.00
345.00
346.00
311.00
345.00
346.00
431.00
352.00
344.00
346.00
321.00
345.00
343.00,0.62
345.00
345.00
352.00
345.00
431.00
344.00
280.00
344.00
339.00
343.00
344.00
344.00
350.00
344.00
350.00
343.00
431.00
344.00,151.90
344.00
348.00
344.00
257.00
348.00
344.00
430.00
347.00
344.00
343.00
351.00
344.00
344.00
432.00
346.00
344.00
407.00
344.00,0.62
344.00
350.00
345.00
431.00
344.00
345.00
352.00
345.00
429.00
343.00
314.00
348.00
345.00
432.00
344.00
345.00
350.00,0.62
345.00
344.00
349.00
344.00
344.00
350.00
345.00
345.00
335.00
344.00
345.00
256.00
343.00
345.00
251.00
430.00
350.00
343.00,153.41
345.00
336.00
352.00
344.00
344.00
431.00
350.00
344.00
345.00
432.00
344.00
344.00
432.00
346.00
344.00
430.00
344.00
345.00
350.00,0.63
344.00
257.00
346.00
345.00
350.00
344.00
299.00
344.00
344.00
351.00
345.00
338.00
348.00
344.00
326.00
352.00
344.00,0.62
344.00
431.00
344.00
345.00
255.00
351.00
345.00
344.00
345.00
430.00
347.00
343.00
343.00
431.00
351.00
344.00
345.00,0.62
344.00
258.00
345.00
351.00
344.00
345.00
345.00
345.00
431.00
432.00
352.00
343.00
344.00
343.00
430.00
352.00
344.00,0.62
344.00
430.00
352.00
350.00
344.00
346.00
364.00
350.00
344.00
344.00
258.00
350.00
344.00
344.00
345.00
431.00
350.00,0.62
344.00
344.00
344.00
430.00
315.00
352.00
344.00
344.00
344.00
344.00
431.00
351.00
349.00
345.00
344.00
344.00
343.00,0.62
344.00
345.00
257.00
430.00
350.00
349.00
432.00
352.00
349.00
345.00
345.00
345.00
345.00
286.00
430.00
352.00
347.00
344.00,122.39
431.00
344.00
350.00
345.00
344.00
431.00
347.00
345.00
321.00
352.00
344.00
344.00
431.00
344.00
345.00
431.00
343.00,0.62
346.00
431.00
344.00
344.00
431.00
343.00
344.00
431.00
344.00
345.00
431.00
345.00
345.00
431.00
344.00
345.00
431.00,0.62
351.00
344.00
323.00
351.00
344.00
345.00
349.00
344.00
344.00
431.00
343.00
345.00
332.00
344.00
344.00
430.00
344.00,0.62
345.00
432.00
346.00
344.00
340.00
349.00
344.00
345.00
257.00
350.00
345.00
345.00
346.00
345.00
345.00
432.00
345.00,0.62
345.00
431.00
344.00
344.00
431.00
343.00
346.00
430.00
343.00
344.00
432.00
345.00
344.00
349.00
345.00
346.00
349.00
344.00,61.16
345.00
432.00
344.00
345.00
333.00
345.00
342.00
345.00
344.00
350.00
345.00
318.00
343.00
430.00
344.00
430.00
345.00,0.62
344.00
349.00
345.00
328.00
344.00
429.00
344.00
431.00
344.00
429.00
345.00
345.00
343.00
349.00
344.00
344.00
344.00
343.00
368.00
345.00,283.47
430.00
344.00
431.00
344.00
432.00
345.00
430.00
343.00
432.00
344.00
432.00
345.00
352.00
344.00
344.00
345.00
345.00,0.62
329.00
344.00
287.00
344.00
429.00
343.00
431.00
344.00
431.00
344.00
432.00
343.00
430.00
344.00
432.00
343.00
350.00,0.62
344.00
351.00
345.00
350.00
345.00
345.00
259.00
345.00
430.00
344.00
351.00
345.00
347.00
344.00
343.00
344.00
347.00
343.00
431.00,102.77
345.00
432.00
344.00
429.00
345.00
251.00
344.00
345.00
350.00
344.00
349.00
345.00
349.00
344.00
350.00
344.00
351.00,0.62
344.00
351.00
346.00
349.00
344.00
432.00
344.00
431.00
344.00
312.00
345.00
345.00
350.00
345.00
430.00
345.00
326.00,0.62
351.00
344.00
251.00
349.00
345.00
343.00
351.00
350.00
345.00
345.00
345.00
431.00
344.00
345.00
431.00
346.00
345.00
430.00
349.00,173.78
344.00
345.00
352.00
346.00
344.00
351.00
343.00
345.00
352.00
345.00
331.00
344.00
344.00
346.00
346.00
431.00
345.00
344.00
432.00
344.00,93.51
343.00
351.00
345.00
431.00
347.00
345.00
359.00
350.00
349.00
344.00
345.00
350.00
345.00
346.00
432.00
344.00
345.00
430.00,114.20
346.00
345.00
345.00
352.00
345.00
430.00
344.00
344.00
430.00
350.00
343.00
345.00
432.00
350.00
345.00
252.00
346.00
343.00
345.00
260.00
352.00,78.05
344.00
346.00
432.00
343.00
345.00
431.00
345.00
345.00
347.00
344.00
345.00
349.00
345.00
346.00
345.00
344.00
344.00,0.62
431.00
345.00
345.00
431.00
350.00
344.00
345.00
352.00
344.00
345.00
351.00
345.00
341.00
350.00
344.00
291.00
349.00,0.62
343.00
345.00
352.00
345.00
344.00
430.00
344.00
346.00
431.00
350.00
345.00
345.00
432.00
344.00
346.00
431.00
350.00
345.00,109.18
344.00
350.00
344.00
341.00
349.00
345.00
341.00
343.00
343.00
344.00
346.00
343.00
346.00
345.00
344.00
430.00
430.00,0.62
346.00
348.00
345.00
344.00
254.00
431.00
430.00
345.00
322.00
343.00
348.00
410.00
345.00
350.00
334.00
346.00
432.00
344.00,0.62
344.00
431.00
345.00
431.00
346.00
345.00
430.00
345.00
344.00
432.00
346.00
344.00
431.00
344.00
352.00
346.00
352.00
345.00,283.46
351.00
345.00
345.00
344.00
347.00
345.00
351.00
345.00
339.00
345.00
431.00
345.00
431.00
345.00
432.00
345.00
257.00,0.62
345.00
346.00
351.00
346.00
432.00
346.00
346.00
432.00
345.00
345.00
431.00
345.00
346.00
430.00
346.00
346.00
430.00,0.62
348.00
345.00
430.00
351.00
345.00
346.00
296.00
432.00
351.00
344.00
346.00
345.00
343.00
431.00
322.00
353.00
352.00,0.62
345.00
344.00
345.00
346.00
345.00
345.00
345.00
346.00
346.00
345.00
345.00
345.00
345.00
351.00
350.00
345.00
345.00
345.00,46.88
351.00
352.00
352.00
352.00
351.00
347.00
346.00
346.00
346.00
346.00
431.00
431.00
349.00
350.00
346.00
346.00
344.00
345.00,171.54
346.00
346.00
346.00
255.00
340.00
346.00
344.00
346.00
346.00
346.00
345.00
344.00
346.00
346.00
346.00
345.00
348.00,0.62
352.00
352.00
433.00
432.00
346.00
345.00
345.00
347.00
351.00
376.00
346.00
344.00
352.00
262.00
346.00
346.00
349.00,0.62
345.00
346.00
328.00
346.00
431.00
345.00
432.00
347.00
331.00
346.00
346.00
350.00
346.00
351.00
346.00
430.00
345.00,0.62
346.00
264.00
432.00
352.00
346.00
431.00
352.00
345.00
346.00
432.00
352.00
345.00
346.00
352.00
353.00
352.00
351.00,0.62
352.00
432.00
277.00
346.00
347.00
432.00
346.00
355.00
353.00
354.00
352.00
345.00
347.00
431.00
353.00
353.00
347.00
345.00,336.32
347.00
431.00
353.00
347.00
342.00
345.00
352.00
353.00
352.00
345.00
345.00
430.00
347.00
347.00
352.00
347.00
431.00,0.62
352.00
345.00
269.00
433.00
353.00
353.00
353.00
353.00
353.00
351.00
352.00
353.00
431.00
430.00
324.00
346.00
342.00
353.00,284.01
347.00
346.00
342.00
346.00
347.00
345.00
430.00
350.00
352.00
347.00
347.00
431.00
346.00
346.00
430.00
349.00
346.00,0.62
347.00
430.00
351.00
353.00
347.00
346.00
432.00
353.00
347.00
346.00
348.00
348.00
342.00
352.00
346.00
346.00
353.00
353.00
349.00,0.62
345.00
268.00
352.00
347.00
352.00
346.00
273.00
352.00
347.00
354.00
432.00
353.00
345.00
353.00
347.00
347.00
430.00
346.00,0.62
431.00
346.00
348.00
346.00
351.00
347.00
350.00
353.00
353.00
352.00
353.00
354.00
352.00
353.00
348.00
346.00
347.00
344.00,0.62
315.00
348.00
346.00
348.00
418.00
430.00
328.00
352.00
345.00
338.00
354.00
346.00
346.00
346.00
431.00
352.00
347.00
347.00,131.23
352.00
347.00
345.00
352.00
347.00
347.00
348.00
328.00
432.00
346.00
349.00
270.00
352.00
346.00
353.00
431.00
431.00,0.62
348.00
348.00
346.00
347.00
348.00
432.00
349.00
349.00
432.00
273.00
347.00
348.00
347.00
347.00
354.00
353.00
347.00,0.62
346.00
430.00
353.00
327.00
352.00
430.00
347.00
346.00
353.00
348.00
346.00
346.00
347.00
348.00
345.00
430.00
354.00,0.62
352.00
426.00
348.00
347.00
347.00
347.00
320.00
351.00
346.00
346.00
352.00
431.00
347.00
347.00
264.00
431.00
353.00,0.62
346.00
335.00
346.00
352.00
346.00
352.00
347.00
354.00
432.00
348.00
347.00
349.00
347.00
346.00
349.00
315.00
346.00,0.62
345.00
353.00
346.00
347.00
432.00
350.00
346.00
351.00
430.00
352.00
348.00
432.00
349.00
351.00
345.00
346.00
351.00
351.00,0.63
430.00
345.00
431.00
344.00
352.00
431.00
431.00
351.00
352.00
346.00
430.00
352.00
351.00
341.00
351.00
353.00
431.00,0.62
346.00
345.00
346.00
347.00
346.00
347.00
430.00
347.00
351.00
346.00
346.00
346.00
352.00
346.00
347.00
351.00
347.00
253.00,288.27
430.00
347.00
350.00
345.00
346.00
346.00
346.00
347.00
345.00
350.00
335.00
430.00
346.00
346.00
352.00
431.00
346.00,0.62
352.00
347.00
348.00
345.00
390.00
347.00
345.00
353.00
347.00
334.00
354.00
347.00
347.00
432.00
353.00
346.00
313.00,0.62
357.00
281.00
278.00
346.00
347.00
346.00
261.00
346.00
347.00
351.00
432.00
345.00
347.00
353.00
346.00
351.00
347.00
348.00,0.62
352.00
347.00
345.00
431.00
352.00
345.00
347.00
430.00
430.00
346.00
345.00
346.00
430.00
349.00
347.00
431.00
347.00
344.00
346.00,0.64
351.00
432.00
346.00
372.00
353.00
347.00
352.00
352.00
432.00
352.00
430.00
353.00
346.00
347.00
348.00
348.00
348.00
346.00,189.48
347.00
346.00
353.00
348.00
352.00
432.00
430.00
431.00
432.00
351.00
347.00
347.00
432.00
351.00
345.00
345.00
346.00,0.62
346.00
347.00
431.00
352.00
346.00
345.00
346.00
268.00
431.00
352.00
351.00
346.00
346.00
346.00
346.00
345.00
431.00
430.00
345.00
352.00,0.63
347.00
259.00
351.00
346.00
346.00
408.00
430.00
430.00
321.00
432.00
325.00
432.00
348.00
346.00
350.00
346.00
346.00,0.62
432.00
346.00
346.00
351.00
345.00
352.00
345.00
431.00
346.00
345.00
352.00
345.00
352.00
346.00
431.00
345.00
345.00,0.62
431.00
346.00
346.00
352.00
346.00
346.00
432.00
353.00
344.00
346.00
431.00
346.00
345.00
429.00
350.00
352.00
431.00
347.00,0.62
350.00
432.00
348.00
354.00
348.00
430.00
345.00
352.00
346.00
347.00
262.00
346.00
353.00
345.00
347.00
347.00
353.00,29.72
345.00
347.00
430.00
432.00
348.00
431.00
351.00
430.00
430.00
431.00
431.00
431.00
283.00
346.00
346.00
342.00
347.00
345.00
346.00,255.05
346.00
352.00
347.00
347.00
345.00
352.00
431.00
346.00
353.00
347.00
279.00
353.00
348.00
347.00
351.00
346.00
345.00,0.62
348.00
346.00
432.00
347.00
431.00
347.00
339.00
352.00
352.00
348.00
346.00
346.00
347.00
348.00
346.00
378.00
346.00,0.62
432.00
345.00
347.00
319.00
346.00
345.00
353.00
431.00
347.00
347.00
345.00
346.00
433.00
348.00
352.00
347.00
349.00,0.62
342.00
346.00
352.00
431.00
345.00
346.00
347.00
432.00
347.00
346.00
346.00
347.00
264.00
352.00
346.00
346.00
348.00
347.00,76.85
351.00
431.00
348.00
432.00
346.00
354.00
430.00
273.00
348.00
425.00
346.00
347.00
347.00
353.00
348.00
347.00
353.00
346.00,44.23
344.00
349.00
351.00
353.00
345.00
353.00
345.00
347.00
353.00
261.00
345.00
353.00
345.00
282.00
346.00
346.00
347.00,0.62
430.00
352.00
346.00
345.00
346.00
345.00
346.00
345.00
352.00
430.00
340.00
345.00
344.00
352.00
430.00
346.00
345.00,0.62
346.00
346.00
352.00
348.00
352.00
352.00
352.00
351.00
431.00
346.00
347.00
353.00
280.00
346.00
346.00
345.00
345.00,0.62
347.00
346.00
352.00
430.00
347.00
431.00
351.00
349.00
323.00
351.00
345.00
345.00
281.00
325.00
432.00
431.00
429.00
338.00,230.50
345.00
345.00
349.00
431.00
374.00
346.00
352.00
351.00
351.00
430.00
430.00
346.00
347.00
347.00
346.00
430.00
347.00
352.00,0.62
348.00
351.00
346.00
430.00
353.00
347.00
351.00
347.00
346.00
353.00
343.00
431.00
348.00
351.00
431.00
347.00
429.00
345.00,85.50
346.00
347.00
303.00
432.00
346.00
347.00
351.00
431.00
431.00
352.00
345.00
345.00
327.00
351.00
345.00
345.00
348.00,0.62
346.00
346.00
344.00
347.00
345.00
345.00
342.00
346.00
346.00
432.00
352.00
346.00
346.00
260.00
430.00
351.00
351.00,0.62
353.00
352.00
346.00
346.00
345.00
432.00
342.00
347.00
346.00
345.00
346.00
345.00
352.00
352.00
344.00
345.00
351.00
345.00
352.00
352.00,41.67
346.00
346.00
431.00
346.00
345.00
345.00
431.00
351.00
345.00
304.00
346.00
260.00
348.00
346.00
353.00
346.00
345.00,0.62
346.00
352.00
346.00
351.00
345.00
345.00
432.00
345.00
432.00
349.00
432.00
346.00
347.00
352.00
345.00
430.00
345.00
344.00,121.14
432.00
344.00
346.00
352.00
346.00
351.00
346.00
432.00
346.00
431.00
346.00
350.00
345.00
430.00
344.00
431.00
345.00,0.62
352.00
347.00
351.00
314.00
345.00
353.00
346.00
353.00
262.00
344.00
351.00
264.00
346.00
432.00
347.00
345.00
432.00,0.62
345.00
352.00
346.00
348.00
319.00
346.00
429.00
345.00
430.00
345.00
350.00
346.00
352.00
344.00
346.00
346.00
431.00
346.00,53.03
352.00
343.00
346.00
335.00
346.00
351.00
345.00
346.00
350.00
345.00
351.00
431.00
345.00
345.00
344.00
334.00
347.00,0.62
431.00
346.00
259.00
352.00
345.00
346.00
342.00
351.00
346.00
346.00
345.00
431.00
351.00
351.00
346.00
346.00
346.00,0.62
347.00
345.00
432.00
347.00
430.00
347.00
347.00
347.00
346.00
345.00
347.00
346.00
347.00
351.00
431.00
328.00
347.00
347.00,0.62
348.00
430.00
352.00
353.00
352.00
430.00
350.00
346.00
349.00
348.00
432.00
347.00
351.00
346.00
432.00
346.00
429.00,0.62
352.00
346.00
431.00
346.00
351.00
431.00
430.00
345.00
346.00
270.00
431.00
431.00
431.00
431.00
344.00
352.00
352.00,0.62
353.00
345.00
431.00
353.00
351.00
348.00
336.00
352.00
346.00
345.00
351.00
344.00
346.00
432.00
346.00
347.00
352.00
345.00
353.00,65.91
347.00
346.00
344.00
345.00
344.00
349.00
346.00
430.00
345.00
367.00
345.00
344.00
346.00
346.00
352.00
345.00
346.00
352.00
346.00,0.62
345.00
432.00
346.00
350.00
394.00
345.00
351.00
345.00
344.00
430.00
346.00
344.00
317.00
345.00
351.00
430.00
345.00,0.62
351.00
256.00
345.00
345.00
351.00
429.00
345.00
345.00
351.00
346.00
346.00
347.00
430.00
258.00
345.00
346.00
346.00
345.00
346.00,113.37
345.00
346.00
345.00
346.00
343.00
346.00
346.00
345.00
344.00
346.00
344.00
294.00
431.00
432.00
431.00
336.00
352.00,0.62
351.00
350.00
345.00
350.00
352.00
345.00
431.00
432.00
431.00
432.00
432.00
432.00
312.00
347.00
351.00
351.00
351.00
352.00,109.00
352.00
351.00
352.00
352.00
352.00
351.00
351.00
345.00
346.00
343.00
345.00
345.00
345.00
338.00
344.00
339.00
303.00,0.62
299.00
431.00
431.00
430.00
431.00
430.00
346.00
350.00
350.00
350.00
345.00
343.00
345.00
345.00
344.00
346.00
346.00,0.62
430.00
432.00
350.00
350.00
345.00
345.00
352.00
345.00
346.00
345.00
349.00
344.00
331.00
431.00
351.00
346.00
345.00,0.62
342.00
430.00
345.00
343.00
345.00
431.00
351.00
345.00
346.00
430.00
352.00
346.00
344.00
431.00
347.00
351.00
344.00,0.62
344.00
345.00
346.00
429.00
352.00
345.00
345.00
344.00
344.00
432.00
352.00
350.00
345.00
346.00
344.00
344.00
345.00
346.00,69.66
345.00
430.00
351.00
346.00
344.00
344.00
345.00
431.00
352.00
344.00
344.00
345.00
429.00
352.00
345.00
345.00
345.00
346.00,147.15
346.00
345.00
346.00
324.00
346.00
346.00
344.00
431.00
351.00
344.00
346.00
340.00
432.00
351.00
345.00
345.00
430.00
351.00,0.62
344.00
346.00
432.00
353.00
346.00
344.00
431.00
352.00
344.00
346.00
344.00
344.00
345.00
351.00
345.00
346.00
432.00,0.62
348.00
345.00
346.00
350.00
345.00
344.00
431.00
352.00
346.00
345.00
430.00
350.00
344.00
346.00
430.00
351.00
346.00,0.62
346.00
431.00
344.00
345.00
351.00
343.00
344.00
350.00
345.00
429.00
347.00
345.00
259.00
352.00
346.00
343.00
351.00,0.62
344.00
345.00
351.00
345.00
330.00
351.00
346.00
346.00
352.00
345.00
345.00
349.00
344.00
344.00
351.00
345.00
349.00,0.62
344.00
430.00
345.00
345.00
347.00
344.00
345.00
345.00
431.00
351.00
345.00
345.00
344.00
345.00
432.00
347.00
351.00,0.62
349.00
346.00
345.00
345.00
346.00
344.00
431.00
349.00
345.00
346.00
344.00
345.00
312.00
344.00
432.00
345.00
346.00
335.00,113.30
346.00
346.00
352.00
344.00
432.00
346.00
346.00
344.00
417.00
345.00
430.00
345.00
352.00
344.00
430.00
346.00
345.00,0.62
431.00
349.00
345.00
344.00
348.00
345.00
344.00
283.00
352.00
346.00
345.00
431.00
349.00
344.00
345.00
431.00
351.00,0.62
346.00
344.00
345.00
262.00
342.00
347.00
345.00
347.00
330.00
432.00
350.00
345.00
346.00
345.00
253.00
340.00
346.00,0.62
346.00
346.00
430.00
352.00
345.00
345.00
344.00
346.00
431.00
352.00
345.00
344.00
346.00
432.00
351.00
345.00
345.00,0.62
346.00
432.00
351.00
345.00
346.00
430.00
352.00
345.00
345.00
335.00
432.00
351.00
344.00
346.00
346.00
345.00
336.00,0.62
431.00
432.00
352.00
351.00
345.00
345.00
345.00
346.00
345.00
345.00
344.00
345.00
324.00
313.00
431.00
430.00
430.00,0.62
431.00
333.00
344.00
431.00
431.00
344.00
344.00
348.00
349.00
346.00
347.00
352.00
351.00
352.00
352.00
350.00
345.00
430.00
347.00
344.00,0.63
432.00
351.00
346.00
346.00
344.00
345.00
351.00
259.00
345.00
346.00
432.00
353.00
344.00
260.00
352.00
347.00
352.00,0.62
345.00
432.00
352.00
346.00
432.00
346.00
430.00
346.00
430.00
346.00
431.00
344.00
430.00
346.00
431.00
344.00
352.00,0.62
345.00
352.00
431.00
346.00
345.00
345.00
352.00
294.00
345.00
432.00
345.00
351.00
345.00
352.00
346.00
345.00
431.00
346.00
346.00,397.60
431.00
344.00
351.00
432.00
345.00
344.00
347.00
351.00
268.00
345.00
348.00
432.00
346.00
346.00
431.00
346.00
352.00,0.62
431.00
345.00
348.00
431.00
345.00
345.00
430.00
346.00
352.00
345.00
351.00
261.00
344.00
352.00
346.00
345.00
317.00
346.00,56.46
345.00
432.00
346.00
345.00
431.00
345.00
431.00
351.00
346.00
346.00
349.00
345.00
345.00
431.00
345.00
345.00
431.00
345.00,94.60
346.00
345.00
352.00
430.00
346.00
345.00
346.00
352.00
431.00
345.00
346.00
344.00
351.00
432.00
345.00
346.00
345.00,0.62
351.00
430.00
340.00
347.00
346.00
352.00
432.00
344.00
346.00
344.00
351.00
430.00
347.00
344.00
348.00
431.00
346.00,0.62
345.00
345.00
350.00
432.00
431.00
404.00
346.00
345.00
344.00
345.00
350.00
351.00
350.00
340.00
432.00
431.00
350.00
351.00
352.00,142.07
338.00
313.00
431.00
430.00
430.00
430.00
344.00
345.00
344.00
345.00
345.00
345.00
432.00
346.00
345.00
329.00
345.00,78.57
344.00
431.00
344.00
350.00
258.00
344.00
339.00
344.00
352.00
345.00
346.00
345.00
430.00
344.00
431.00
346.00
345.00,0.62
351.00
344.00
431.00
349.00
345.00
345.00
351.00
346.00
344.00
346.00
432.00
345.00
345.00
350.00
344.00
345.00
350.00,0.62
346.00
346.00
345.00
346.00
430.00
350.00
344.00
431.00
352.00
344.00
345.00
431.00
351.00
345.00
344.00
345.00
432.00
350.00,88.21
346.00
345.00
431.00
352.00
344.00
345.00
344.00
350.00
346.00
345.00
432.00
348.00
345.00
271.00
351.00
345.00
345.00,0.62
431.00
350.00
345.00
346.00
348.00
346.00
345.00
431.00
345.00
350.00
346.00
346.00
258.00
344.00
344.00
349.00
344.00,0.62
429.00
345.00
345.00
432.00
344.00
344.00
352.00
345.00
352.00
345.00
431.00
344.00
344.00
351.00
344.00
431.00
343.00
305.00,31.85
345.00
283.00
345.00
369.00
344.00
431.00
344.00
430.00
344.00
430.00
344.00
291.00
344.00
345.00
345.00
343.00
346.00,0.62
345.00
351.00
346.00
351.00
345.00
351.00
343.00
352.00
346.00
430.00
345.00
254.00
348.00
345.00
350.00
346.00
352.00,0.62
344.00
430.00
345.00
430.00
344.00
431.00
345.00
351.00
345.00
347.00
344.00
344.00
329.00
344.00
344.00
432.00
344.00
350.00,122.63
330.00
344.00
347.00
344.00
345.00
431.00
345.00
432.00
345.00
352.00
344.00
348.00
346.00
257.00
344.00
340.00
345.00
352.00,53.34
345.00
347.00
344.00
345.00
432.00
346.00
431.00
343.00
351.00
344.00
351.00
429.00
344.00
345.00
312.00
345.00
351.00,0.62
344.00
349.00
346.00
345.00
344.00
351.00
345.00
351.00
345.00
338.00
345.00
429.00
346.00
345.00
430.00
350.00
344.00,0.62
344.00
344.00
432.00
350.00
344.00
345.00
430.00
347.00
344.00
346.00
323.00
346.00
346.00
345.00
431.00
431.00
257.00
346.00,0.62
345.00
352.00
352.00
429.00
344.00
344.00
345.00
345.00
346.00
346.00
430.00
349.00
346.00
346.00
262.00
346.00
345.00
345.00,0.62
345.00
346.00
344.00
345.00
345.00
431.00
350.00
352.00
346.00
345.00
346.00
346.00
346.00
346.00
342.00
430.00
351.00
350.00
351.00,540.83
351.00
346.00
346.00
346.00
344.00
345.00
429.00
346.00
350.00
344.00
307.00
352.00
350.00
345.00
344.00
345.00
345.00
345.00,185.38
344.00
347.00
350.00
352.00
352.00
352.00
352.00
345.00
345.00
346.00
345.00
345.00
345.00
330.00
431.00
336.00
351.00,0.62
345.00
345.00
344.00
317.00
431.00
352.00
344.00
345.00
344.00
431.00
351.00
346.00
345.00
346.00
262.00
432.00
351.00,0.62
345.00
345.00
345.00
430.00
352.00
345.00
344.00
346.00
291.00
431.00
350.00
344.00
345.00
346.00
254.00
431.00
351.00,0.62
352.00
351.00
346.00
344.00
345.00
346.00
344.00
345.00
429.00
351.00
347.00
345.00
346.00
346.00
345.00
371.00
431.00,0.62
351.00
346.00
345.00
343.00
346.00
349.00
432.00
430.00
351.00
351.00
349.00
346.00
345.00
346.00
345.00
345.00
346.00
344.00
297.00,122.70
430.00
431.00
313.00
351.00
352.00
348.00
344.00
345.00
345.00
346.00
431.00
341.00
350.00
346.00
345.00
345.00
346.00,0.62
338.00
430.00
350.00
350.00
345.00
345.00
345.00
345.00
258.00
432.00
350.00
350.00
344.00
344.00
344.00
432.00
344.00
346.00,73.57
346.00
432.00
316.00
352.00
351.00
344.00
346.00
344.00
345.00
345.00
345.00
260.00
431.00
352.00
344.00
345.00
346.00,0.62
343.00
430.00
352.00
350.00
345.00
344.00
345.00
431.00
352.00
345.00
343.00
294.00
351.00
345.00
345.00
342.00
340.00,0.62
346.00
344.00
345.00
430.00
347.00
345.00
345.00
430.00
351.00
344.00
301.00
349.00
345.00
431.00
344.00
345.00
352.00,0.62
344.00
432.00
344.00
346.00
351.00
345.00
431.00
346.00
318.00
346.00
346.00
351.00
345.00
350.00
345.00
323.00
345.00,0.62
431.00
344.00
253.00
343.00
431.00
344.00
431.00
343.00
345.00
346.00
345.00
350.00
345.00
351.00
344.00
431.00
345.00,0.62
431.00
344.00
303.00
350.00
344.00
347.00
344.00
431.00
344.00
344.00
351.00
345.00
431.00
343.00
344.00
328.00
344.00,0.62
342.00
352.00
343.00
431.00
345.00
344.00
346.00
344.00
346.00
350.00
344.00
429.00
344.00
346.00
350.00
344.00
351.00,0.62
345.00
344.00
344.00
350.00
346.00
348.00
260.00
344.00
432.00
345.00
350.00
345.00
352.00
345.00
345.00
431.00
344.00,0.62
352.00
344.00
347.00
289.00
346.00
351.00
345.00
431.00
344.00
255.00
346.00
346.00
352.00
345.00
432.00
345.00
323.00,0.62
344.00
342.00
350.00
344.00
344.00
346.00
431.00
346.00
346.00
351.00
344.00
431.00
345.00
345.00
346.00
349.00
345.00
431.00
348.00,0.62
346.00
430.00
344.00
345.00
350.00
344.00
338.00
346.00
430.00
344.00
431.00
345.00
432.00
345.00
422.00
345.00
344.00,0.62
349.00
344.00
350.00
344.00
349.00
343.00
431.00
344.00
431.00
345.00
430.00
343.00
318.00
344.00
345.00
351.00
345.00,0.62
431.00
345.00
344.00
352.00
345.00
432.00
345.00
256.00
351.00
344.00
430.00
344.00
346.00
351.00
345.00
431.00
344.00,0.62
345.00
352.00
346.00
345.00
352.00
345.00
431.00
344.00
345.00
345.00
344.00
350.00
344.00
431.00
345.00
345.00
352.00
346.00,175.62
346.00
349.00
344.00
342.00
351.00
343.00
349.00
345.00
334.00
344.00
430.00
345.00
345.00
351.00
344.00
426.00
352.00,0.62
344.00
345.00
430.00
345.00
346.00
431.00
344.00
345.00
346.00
345.00
344.00
351.00
346.00
339.00
432.00
352.00
345.00
345.00
329.00,43.05
345.00
345.00
352.00
346.00
351.00
346.00
350.00
345.00
352.00
345.00
340.00
346.00
432.00
345.00
430.00
344.00
431.00,0.62
344.00
431.00
344.00
341.00
346.00
345.00
351.00
344.00
349.00
340.00
345.00
432.00
431.00
345.00
352.00
345.00
345.00
332.00,214.24
344.00
344.00
430.00
345.00
351.00
345.00
344.00
350.00
345.00
344.00
352.00
345.00
344.00
430.00
343.00
347.00
345.00
344.00
431.00
344.00,0.64
341.00
345.00
343.00
430.00
344.00
350.00
374.00
344.00
352.00
295.00
431.00
345.00
352.00
350.00
345.00
344.00
430.00
345.00
346.00,55.00
285.00
343.00
351.00
346.00
345.00
431.00
344.00
345.00
430.00
345.00
345.00
431.00
345.00
349.00
282.00
344.00
350.00,0.62
345.00
344.00
432.00
345.00
432.00
345.00
344.00
347.00
345.00
343.00
351.00
279.00
345.00
345.00
333.00
344.00
345.00,18.64
351.00
430.00
344.00
347.00
430.00
345.00
345.00
429.00
344.00
348.00
430.00
345.00
345.00
431.00
345.00
343.00
351.00,0.62
345.00
345.00
350.00
430.00
344.00
345.00
430.00
344.00
344.00
351.00
345.00
344.00
351.00
345.00
344.00
429.00
344.00,0.62
351.00
348.00
345.00
350.00
345.00
349.00
344.00
350.00
345.00
351.00
345.00
310.00
345.00
261.00
347.00
345.00
352.00
344.00,0.62
430.00
346.00
335.00
344.00
266.00
344.00
270.00
350.00
344.00
345.00
351.00
345.00
252.00
349.00
344.00
430.00
346.00
346.00,121.72
352.00
344.00
429.00
344.00
429.00
343.00
288.00
350.00
345.00
346.00
344.00
345.00
344.00
352.00
345.00
351.00
345.00
352.00,141.34
344.00
351.00
345.00
346.00
432.00
344.00
431.00
343.00
350.00
345.00
348.00
263.00
345.00
350.00
343.00
351.00
346.00
344.00,114.13
369.00
344.00
350.00
345.00
344.00
430.00
345.00
350.00
344.00
343.00
431.00
344.00
431.00
346.00
350.00
344.00
351.00,0.62
346.00
346.00
346.00
344.00
273.00
345.00
343.00
348.00
345.00
345.00
345.00
430.00
344.00
345.00
351.00
345.00
433.00,0.62
344.00
343.00
345.00
344.00
351.00
345.00
350.00
344.00
345.00
341.00
345.00
256.00
344.00
430.00
345.00
431.00
344.00
344.00,37.02
350.00
344.00
344.00
431.00
344.00
350.00
346.00
345.00
251.00
345.00
431.00
344.00
349.00
345.00
351.00
345.00
344.00
430.00,138.09
344.00
345.00
344.00
348.00
346.00
344.00
430.00
344.00
350.00
344.00
346.00
342.00
346.00
431.00
345.00
351.00
345.00,0.62
345.00
431.00
345.00
346.00
339.00
343.00
431.00
345.00
432.00
344.00
344.00
430.00
345.00
347.00
344.00
350.00
345.00,125.10
344.00
429.00
345.00
351.00
350.00
345.00
344.00
294.00
346.00
350.00
346.00
345.00
429.00
345.00
327.00
344.00
352.00
344.00,154.38
345.00
429.00
345.00
350.00
256.00
345.00
431.00
344.00
351.00
344.00
345.00
319.00
344.00
347.00
431.00
344.00
351.00,0.62
344.00
344.00
432.00
345.00
352.00
346.00
345.00
334.00
345.00
315.00
346.00
350.00
345.00
345.00
431.00
345.00
351.00
350.00,186.46
345.00
344.00
430.00
345.00
351.00
345.00
347.00
341.00
345.00
430.00
344.00
431.00
344.00
432.00
345.00
431.00
343.00,0.62
430.00
345.00
430.00
345.00
280.00
345.00
346.00
351.00
350.00
346.00
343.00
338.00
345.00
344.00
348.00
346.00
351.00
344.00,128.36
349.00
345.00
431.00
345.00
341.00
345.00
344.00
348.00
346.00
349.00
345.00
331.00
346.00
345.00
333.00
345.00
431.00
343.00,0.62
344.00
350.00
346.00
349.00
345.00
345.00
345.00
345.00
303.00
344.00
430.00
345.00
432.00
344.00
348.00
343.00
343.00,0.62
431.00
344.00
351.00
344.00
345.00
430.00
346.00
343.00
345.00
351.00
345.00
344.00
259.00
344.00
432.00
345.00
351.00,0.62
344.00
346.00
298.00
345.00
432.00
344.00
350.00
343.00
345.00
345.00
344.00
431.00
344.00
432.00
345.00
342.00
345.00,0.62
350.00
344.00
344.00
431.00
345.00
351.00
346.00
345.00
430.00
345.00
345.00
430.00
343.00
350.00
345.00
344.00
345.00
346.00,0.62
345.00
431.00
344.00
350.00
344.00
346.00
430.00
344.00
351.00
344.00
344.00
431.00
345.00
352.00
344.00
347.00
345.00,0.62
345.00
430.00
345.00
350.00
346.00
349.00
345.00
345.00
344.00
345.00
345.00
345.00
347.00
344.00
430.00
345.00
431.00,0.62
344.00
348.00
345.00
352.00
345.00
345.00
378.00
345.00
432.00
346.00
350.00
302.00
345.00
312.00
346.00
349.00
346.00,0.62
345.00
430.00
343.00
350.00
344.00
345.00
253.00
343.00
352.00
345.00
344.00
431.00
346.00
352.00
345.00
431.00
344.00
350.00,160.83
345.00
344.00
432.00
345.00
345.00
432.00
251.00
429.00
345.00
349.00
262.00
344.00
351.00
343.00
343.00
431.00
348.00
262.00
344.00
316.00,0.64
343.00
349.00
345.00
345.00
344.00
431.00
344.00
350.00
344.00
344.00
350.00
345.00
344.00
343.00
345.00
344.00
432.00
344.00,213.94
350.00
287.00
345.00
350.00
345.00
343.00
328.00
346.00
344.00
431.00
344.00
346.00
425.00
344.00
431.00
344.00
348.00
429.00
344.00,0.63
350.00
345.00
344.00
352.00
344.00
344.00
350.00
431.00
345.00
431.00
345.00
345.00
340.00
345.00
344.00
327.00
344.00
343.00,6.16
430.00
345.00
345.00
431.00
345.00
352.00
256.00
345.00
350.00
345.00
345.00
431.00
345.00
350.00
308.00
344.00
351.00,0.62
346.00
344.00
432.00
345.00
349.00
431.00
345.00
352.00
344.00
343.00
349.00
344.00
343.00
350.00
268.00
344.00
344.00,0.62
430.00
345.00
345.00
348.00
345.00
345.00
432.00
344.00
350.00
344.00
431.00
345.00
312.00
345.00
431.00
344.00
430.00,0.62
344.00
344.00
349.00
344.00
342.00
345.00
432.00
345.00
431.00
345.00
431.00
344.00
430.00
343.00
432.00
344.00
351.00,0.62
344.00
345.00
344.00
431.00
345.00
352.00
345.00
344.00
429.00
344.00
350.00
345.00
344.00
431.00
345.00
351.00
344.00
343.00,151.89
350.00
346.00
346.00
340.00
345.00
345.00
433.00
345.00
346.00
430.00
345.00
347.00
431.00
345.00
345.00
431.00
344.00,0.62
346.00
430.00
345.00
347.00
432.00
351.00
345.00
345.00
344.00
348.00
346.00
346.00
351.00
346.00
343.00
336.00
344.00
344.00
430.00,87.01
344.00
344.00
430.00
346.00
344.00
349.00
346.00
345.00
351.00
429.00
344.00
346.00
347.00
345.00
344.00
347.00
431.00,0.62
344.00
346.00
350.00
252.00
345.00
344.00
432.00
344.00
345.00
351.00
357.00
346.00
346.00
430.00
346.00
344.00
351.00,0.62
346.00
345.00
351.00
345.00
344.00
349.00
431.00
346.00
346.00
432.00
344.00
345.00
430.00
346.00
349.00
344.00
345.00
345.00,100.64
431.00
344.00
351.00
345.00
351.00
275.00
343.00
350.00
345.00
345.00
429.00
344.00
351.00
345.00
343.00
432.00
344.00
351.00
346.00,0.63
345.00
329.00
345.00
352.00
345.00
345.00
431.00
344.00
344.00
345.00
350.00
345.00
431.00
345.00
350.00
345.00
356.00
345.00,183.01
319.00
346.00
346.00
335.00
344.00
351.00
346.00
345.00
431.00
344.00
351.00
344.00
345.00
431.00
345.00
351.00
345.00,0.62
343.00
430.00
344.00
345.00
345.00
349.00
345.00
345.00
430.00
345.00
352.00
345.00
348.00
344.00
345.00
347.00
344.00,0.62
430.00
349.00
346.00
345.00
431.00
345.00
351.00
344.00
348.00
431.00
343.00
350.00
344.00
345.00
430.00
345.00
349.00
343.00,250.21
345.00
431.00
345.00
349.00
344.00
351.00
345.00
351.00
345.00
350.00
345.00
351.00
345.00
351.00
345.00
347.00
345.00,0.62
324.00
344.00
352.00
344.00
352.00
345.00
351.00
346.00
352.00
344.00
351.00
346.00
432.00
344.00
431.00
344.00
343.00,0.62
345.00
346.00
350.00
346.00
352.00
345.00
349.00
344.00
430.00
344.00
431.00
343.00
345.00
350.00
345.00
352.00
344.00,0.62
352.00
345.00
431.00
345.00
344.00
350.00
345.00
430.00
345.00
346.00
351.00
344.00
430.00
345.00
345.00
351.00
345.00,0.62
345.00
344.00
431.00
345.00
431.00
345.00
257.00
343.00
350.00
345.00
350.00
345.00
344.00
431.00
343.00
351.00
346.00
344.00,0.62
432.00
345.00
351.00
344.00
344.00
351.00
346.00
344.00
431.00
344.00
331.00
345.00
352.00
346.00
350.00
346.00
346.00,0.62
323.00
345.00
431.00
346.00
346.00
429.00
344.00
350.00
295.00
346.00
351.00
344.00
343.00
430.00
345.00
349.00
273.00,0.62
344.00
342.00
346.00
344.00
431.00
345.00
350.00
275.00
345.00
350.00
345.00
344.00
432.00
343.00
352.00
277.00
344.00,0.62
350.00
346.00
345.00
347.00
344.00
345.00
346.00
344.00
345.00
350.00
345.00
344.00
344.00
345.00
346.00
432.00
344.00,0.62
345.00
431.00
345.00
345.00
431.00
344.00
345.00
431.00
345.00
346.00
430.00
345.00
351.00
345.00
345.00
431.00
345.00,0.62
431.00
344.00
432.00
346.00
329.00
349.00
344.00
344.00
345.00
351.00
345.00
430.00
344.00
429.00
345.00
329.00
345.00
344.00
431.00,213.20
344.00
270.00
345.00
269.00
345.00
432.00
345.00
351.00
346.00
346.00
274.00
345.00
432.00
344.00
352.00
345.00
345.00,0.62
430.00
345.00
351.00
345.00
346.00
430.00
345.00
352.00
345.00
345.00
351.00
345.00
348.00
344.00
345.00
344.00
349.00
345.00,114.03
352.00
343.00
432.00
344.00
348.00
344.00
349.00
345.00
352.00
345.00
343.00
345.00
345.00
345.00
260.00
345.00
430.00
345.00,159.03
431.00
345.00
350.00
344.00
344.00
429.00
346.00
431.00
344.00
430.00
344.00
346.00
351.00
344.00
345.00
431.00
346.00
344.00
430.00,203.73
343.00
430.00
343.00
349.00
346.00
349.00
344.00
345.00
431.00
345.00
431.00
343.00
431.00
346.00
431.00
343.00
431.00,0.62
346.00
335.00
345.00
345.00
350.00
345.00
351.00
347.00
350.00
345.00
344.00
346.00
350.00
344.00
351.00
345.00
351.00,0.62
345.00
351.00
345.00
345.00
345.00
348.00
346.00
350.00
432.00
345.00
431.00
345.00
432.00
344.00
351.00
343.00
345.00
349.00,0.62
345.00
347.00
431.00
346.00
351.00
345.00
345.00
430.00
345.00
345.00
430.00
344.00
344.00
431.00
345.00
352.00
286.00,0.62
345.00
351.00
345.00
345.00
430.00
344.00
350.00
346.00
345.00
430.00
345.00
352.00
346.00
344.00
431.00
345.00
350.00,0.62
346.00
345.00
342.00
344.00
369.00
340.00
341.00
345.00
339.00
349.00
344.00
346.00
345.00
430.00
342.00
342.00
430.00
337.00