.00
255.00
242.00
240.00
258.00
269.00
283.00
277.00
233.00
266.00,15007.71
266.00
241.00
240.00
242.00
249.00
258.00
252.00
268.00
262.00
272.00
273.00
295.00
283.00
280.00
251.00
243.00
241.00
266.00
254.00
240.00
264.00
249.00
255.00
270.00
255.00
234.00
270.00
237.00
262.00
258.00
274.00
247.00
267.00
231.00
251.00
274.00
244.00
245.00
270.00
259.00
258.00
289.00
260.00
286.00
269.00
269.00,7455.39
264.00
277.00
268.00
243.00
255.00
248.00
248.00
235.00
231.00
262.00
252.00
265.00
283.00
249.00
257.00
247.00
260.00
260.00
250.00
256.00
227.00
273.00
251.00
238.00
259.00
260.00
259.00
267.00
261.00
257.00
256.00
263.00
266.00
280.00
251.00
245.00
234.00
249.00
278.00
253.00
243.00
269.00
241.00
275.00,5240.17
252.00
250.00
277.00
246.00
238.00
275.00
257.00
265.00
283.00
278.00
212.00
255.00
261.00
241.00
259.00
239.00
258.00
265.00
255.00
282.00
255.00
260.00
257.00
252.00
281.00
236.00
281.00
262.00
253.00
248.00
281.00
264.00
270.00
250.00
263.00
247.00
276.00
266.00
267.00
264.00
284.00
253.00
275.00
240.00
257.00
237.00,13252.68
253.00
261.00
247.00
272.00
246.00
230.00
278.00
235.00
269.00
261.00
262.00
288.00
266.00
258.00
266.00
267.00
258.00
284.00
291.00
235.00
277.00
276.00
251.00
278.00
259.00
261.00
230.00
253.00
251.00
236.00,5215.11
261.00
271.00
235.00
269.00
268.00
254.00
253.00
267.00
282.00
275.00
252.00
266.00
261.00
258.00
288.00
277.00
264.00
277.00
219.00
267.00
275.00
276.00
268.00
271.00
232.00
288.00
307.00
275.00,2737.81
245.00
269.00
257.00
269.00
239.00
254.00
250.00
298.00
254.00
271.00
233.00
268.00
263.00
264.00
288.00
271.00
269.00
249.00
237.00
263.00
250.00
243.00
254.00
254.00
270.00
256.00
255.00
240.00
284.00
258.00
271.00
232.00
272.00,4046.36
258.00
260.00
265.00
264.00
257.00
240.00
256.00
245.00
262.00
261.00
262.00
254.00
265.00
239.00
217.00
258.00
240.00
240.00
271.00
291.00
253.00
277.00
237.00
254.00
265.00,1337.52
226.00
262.00
266.00
253.00
244.00
244.00
244.00
225.00
264.00
269.00
260.00
292.00
258.00
267.00
246.00
266.00
258.00
251.00,276.02
268.00
271.00
264.00
260.00
239.00
262.00
244.00
278.00
275.00
273.00
244.00
265.00
291.00
274.00
308.00
270.00
266.00
264.00
237.00
273.00
279.00
268.00
227.00
269.00
236.00
252.00
238.00
246.00,3890.64
272.00
249.00
257.00
232.00
242.00
261.00
246.00
256.00
231.00
259.00
241.00
257.00
270.00
250.00
272.00
257.00
256.00
258.00,247.96
248.00
286.00
281.00
255.00
260.00
259.00
248.00
252.00
261.00
260.00
257.00
254.00
263.00
258.00
286.00
250.00
262.00
265.00
267.00
258.00
257.00
254.00
271.00
271.00
259.00
276.00,5073.09
245.00
260.00
264.00
289.00
232.00
257.00
274.00
269.00
254.00
249.00
280.00
236.00
257.00
292.00
258.00
262.00
274.00
243.00,22.11
228.00
265.00
244.00
247.00
250.00
256.00
252.00
256.00
272.00
267.00
281.00
269.00
251.00
243.00
249.00
268.00
276.00,0.62
274.00
222.00
280.00
259.00
258.00
289.00
251.00
261.00
273.00
245.00
224.00
273.00
262.00
246.00
262.00
254.00
255.00
255.00
237.00
246.00,515.37
269.00
248.00
234.00
254.00
266.00
268.00
266.00
246.00
238.00
251.00
243.00
258.00
250.00
246.00
285.00
302.00
262.00,0.62
255.00
244.00
270.00
276.00
277.00
252.00
235.00
262.00
274.00
265.00
260.00
278.00
278.00
276.00
255.00
287.00
278.00,0.62
285.00
296.00
269.00
309.00
311.00
325.00
317.00
257.00
275.00
289.00
297.00
272.00
264.00
257.00
274.00
270.00
244.00,0.62
275.00
263.00
263.00
267.00
284.00
293.00
255.00
266.00
285.00
273.00
265.00
279.00
245.00
283.00
261.00
289.00
260.00,0.62
258.00
250.00
253.00
272.00
280.00
244.00
254.00
254.00
279.00
284.00
260.00
262.00
268.00
265.00
235.00
245.00
247.00
263.00
266.00
280.00,779.75
268.00
251.00
278.00
263.00
278.00
263.00
274.00
288.00
244.00
277.00
255.00
241.00
256.00
260.00
267.00
262.00
286.00,0.62
281.00
267.00
227.00
248.00
268.00
278.00
301.00
255.00
255.00
257.00
296.00
267.00
263.00
273.00
280.00
274.00
272.00
268.00
247.00
255.00
253.00
283.00
273.00
285.00,1458.07
249.00
258.00
248.00
266.00
299.00
269.00
257.00
279.00
265.00
252.00
266.00
256.00
273.00
256.00
255.00
248.00
255.00
265.00
258.00
262.00
267.00
246.00
273.00
276.00
275.00
248.00
268.00
283.00
286.00,3166.52
259.00
277.00
265.00
267.00
259.00
257.00
283.00
257.00
261.00
273.00
263.00
261.00
258.00
264.00
261.00
249.00
263.00
274.00
257.00
244.00,879.27
247.00
238.00
277.00
272.00
263.00
264.00
268.00
292.00
273.00
272.00
280.00
298.00
245.00
253.00
256.00
249.00
248.00
292.00
250.00
266.00,411.68
246.00
272.00
280.00
263.00
258.00
287.00
270.00
252.00
263.00
267.00
285.00
252.00
255.00
248.00
270.00
276.00
263.00
284.00
239.00,350.76
277.00
272.00
273.00
276.00
281.00
250.00
273.00
239.00
269.00
256.00
272.00
258.00
244.00
287.00
246.00
286.00
237.00
268.00
259.00,790.65
281.00
249.00
278.00
267.00
252.00
252.00
276.00
276.00
247.00
293.00
271.00
262.00
269.00
243.00
277.00
268.00
260.00,0.62
260.00
262.00
283.00
247.00
254.00
252.00
277.00
280.00
258.00
284.00
283.00
281.00
287.00
255.00
285.00
281.00
272.00
250.00
300.00
269.00
264.00
266.00
268.00
260.00
262.00
261.00,3023.71
249.00
254.00
288.00
284.00
251.00
248.00
285.00
273.00
268.00
265.00
260.00
277.00
257.00
253.00
265.00
279.00
263.00
269.00
279.00
260.00
266.00
255.00
259.00,2434.58
280.00
249.00
257.00
253.00
271.00
270.00
261.00
267.00
253.00
278.00
259.00
252.00
280.00
286.00
252.00
252.00
265.00
245.00
281.00
273.00
276.00
262.00
258.00
277.00
270.00,2257.24
263.00
291.00
255.00
252.00
267.00
269.00
257.00
243.00
278.00
278.00
256.00
290.00
257.00
243.00
259.00
273.00
280.00
246.00
241.00
264.00
289.00
283.00
266.00
286.00
282.00
265.00
290.00
267.00
267.00
254.00
259.00
273.00
273.00
302.00
276.00
262.00
267.00
259.00
257.00
265.00
261.00
270.00
263.00,9458.25
287.00
247.00
269.00
272.00
283.00
265.00
264.00
239.00
271.00
271.00
236.00
254.00
272.00
255.00
269.00
243.00
280.00
267.00
277.00
276.00
273.00
289.00
275.00
261.00
313.00
278.00
253.00
250.00
245.00
271.00
251.00
240.00,4761.93
250.00
271.00
267.00
269.00
275.00
250.00
294.00
301.00
245.00
286.00
281.00
269.00
278.00
266.00
272.00
255.00
295.00
268.00
279.00
283.00
259.00
241.00
247.00
291.00
295.00
256.00
251.00
248.00
264.00
266.00
292.00,5461.82
250.00
264.00
280.00
279.00
233.00
310.00
267.00
271.00
245.00
286.00
257.00
268.00
252.00
270.00
247.00
280.00
252.00
272.00
261.00
237.00
264.00
270.00
266.00
270.00
276.00
253.00
279.00
257.00
273.00
267.00,5635.76
258.00
277.00
298.00
289.00
247.00
263.00
301.00
275.00
268.00
263.00
269.00
268.00
277.00
271.00
262.00
278.00
274.00
270.00
292.00
266.00
293.00
285.00
277.00
287.00
250.00
276.00
253.00
261.00
298.00
267.00,8394.02
258.00
253.00
285.00
273.00
270.00
245.00
219.00
264.00
251.00
249.00
270.00
262.00
274.00
264.00
251.00
259.00
258.00
270.00
247.00
268.00
253.00
260.00
256.00
274.00
238.00
257.00,2628.15
245.00
281.00
245.00
258.00
267.00
267.00
229.00
270.00
256.00
268.00
282.00
288.00
272.00
274.00
280.00
267.00
266.00
252.00
260.00
244.00,341.64
269.00
252.00
237.00
245.00
244.00
273.00
276.00
260.00
248.00
248.00
263.00
243.00
255.00
238.00
262.00
262.00
259.00,0.62
268.00
268.00
250.00
261.00
272.00
250.00
273.00
275.00
287.00
281.00
242.00
256.00
273.00
256.00
286.00
262.00
242.00
278.00
247.00
282.00
258.00
262.00
271.00
269.00
271.00,1462.98
281.00
249.00
267.00
279.00
250.00
259.00
280.00
273.00
272.00
265.00
259.00
268.00
276.00
272.00
275.00
286.00
275.00
252.00
256.00
275.00
264.00
274.00
246.00
265.00
294.00
282.00
278.00,2283.82
246.00
273.00
263.00
252.00
257.00
270.00
267.00
262.00
274.00
273.00
285.00
247.00
257.00
254.00
259.00
266.00
292.00
294.00
261.00
266.00
266.00
272.00
310.00
275.00
256.00
282.00
284.00
266.00
259.00
257.00
265.00
270.00,11109.18
260.00
277.00
296.00
253.00
285.00
255.00
276.00
285.00
261.00
275.00
270.00
262.00
239.00
274.00
247.00
288.00
270.00
269.00
256.00
251.00
256.00
284.00,1069.60
270.00
273.00
269.00
253.00
251.00
276.00
265.00
257.00
281.00
295.00
263.00
265.00
291.00
290.00
259.00
268.00
244.00
262.00
260.00
274.00
264.00
252.00
261.00
243.00
252.00
249.00
263.00,1036.03
265.00
269.00
274.00
264.00
265.00
289.00
276.00
277.00
265.00
267.00
249.00
258.00
266.00
270.00
271.00
278.00
278.00
246.00
261.00
246.00
250.00
270.00
296.00
277.00
262.00
257.00
266.00
261.00
260.00
263.00,1705.70
265.00
265.00
269.00
277.00
261.00
252.00
259.00
239.00
302.00
275.00
266.00
259.00
294.00
291.00
257.00
263.00
270.00
258.00
275.00
267.00
252.00
267.00
254.00
260.00
258.00
264.00
247.00,3755.40
265.00
251.00
260.00
287.00
282.00
263.00
252.00
254.00
234.00
288.00
263.00
276.00
262.00
245.00
260.00
277.00
313.00
271.00
288.00
285.00
272.00
302.00
311.00
278.00
280.00
274.00
317.00
302.00
285.00
284.00
275.00,2183.01
289.00
287.00
265.00
297.00
265.00
285.00
262.00
289.00
287.00
276.00
266.00
279.00
305.00
274.00
270.00
307.00
304.00
298.00
269.00
332.00
308.00
258.00
301.00
272.00
261.00
263.00
291.00,1928.01
253.00
266.00
266.00
277.00
280.00
283.00
277.00
253.00
266.00
286.00
279.00
269.00
302.00
290.00
266.00
309.00
281.00
263.00,0.62
283.00
265.00
276.00
286.00
279.00
257.00
258.00
270.00
289.00
267.00
280.00
276.00
270.00
272.00
261.00
284.00
234.00,0.62
254.00
242.00
259.00
265.00
281.00
287.00
268.00
272.00
270.00
233.00
269.00
280.00
274.00
284.00
281.00
261.00
246.00
250.00
258.00
262.00
270.00,666.74
284.00
261.00
254.00
268.00
263.00
262.00
270.00
250.00
282.00
275.00
258.00
248.00
292.00
259.00
277.00
270.00
250.00
220.00
263.00
261.00
267.00
264.00
282.00
268.00
244.00
252.00
250.00
277.00
263.00
268.00
253.00,3948.71
276.00
286.00
251.00
267.00
284.00
257.00
281.00
283.00
297.00
235.00
272.00
269.00
289.00
270.00
259.00
262.00
263.00
266.00
262.00
258.00
267.00
264.00
276.00
269.00
271.00
284.00,2795.75
269.00
279.00
239.00
258.00
257.00
223.00
260.00
256.00
242.00
265.00
273.00
279.00
255.00
270.00
239.00
252.00
265.00,0.62
262.00
280.00
275.00
249.00
249.00
249.00
240.00
255.00
252.00
242.00
282.00
286.00
283.00
279.00
274.00
267.00
254.00
282.00
256.00,274.74
257.00
280.00
274.00
267.00
263.00
276.00
288.00
278.00
268.00
249.00
249.00
259.00
267.00
274.00
272.00
273.00
288.00
249.00
260.00
273.00
245.00
282.00
266.00
249.00,1100.17
235.00
273.00
265.00
267.00
270.00
282.00
239.00
261.00
289.00
278.00
257.00
252.00
278.00
204.00
263.00
274.00
273.00
258.00
249.00,338.47
286.00
262.00
268.00
287.00
292.00
257.00
253.00
273.00
251.00
261.00
252.00
280.00
264.00
245.00
278.00
244.00
266.00
296.00
267.00
278.00
275.00
298.00
259.00
276.00
269.00
255.00
278.00
263.00
297.00
273.00
261.00,4159.74
281.00
243.00
239.00
237.00
256.00
261.00
269.00
279.00
274.00
279.00
248.00
257.00
271.00
264.00
266.00
287.00
240.00
276.00
268.00
263.00
267.00
267.00
276.00
255.00
281.00
280.00
269.00
281.00
260.00
288.00
281.00,3781.12
260.00
258.00
277.00
278.00
263.00
274.00
264.00
272.00
284.00
271.00
265.00
254.00
273.00
277.00
251.00
252.00
269.00
263.00
275.00
262.00
288.00
257.00
289.00
259.00
279.00
286.00
284.00
263.00
251.00
279.00
252.00,4992.30
233.00
254.00
293.00
284.00
273.00
275.00
262.00
296.00
268.00
297.00
254.00
284.00
261.00
290.00
248.00
269.00
271.00
270.00
287.00
264.00
248.00
285.00
270.00
281.00
277.00,939.79
273.00
245.00
269.00
257.00
257.00
254.00
257.00
269.00
301.00
263.00
257.00
250.00
251.00
268.00
260.00
263.00
264.00
269.00
264.00
247.00
243.00
275.00
240.00,587.18
273.00
258.00
248.00
249.00
260.00
283.00
262.00
275.00
265.00
255.00
271.00
255.00
243.00
265.00
271.00
245.00
278.00
294.00
280.00
243.00
256.00
254.00
274.00
263.00
281.00
244.00
277.00
253.00,3204.54
268.00
243.00
259.00
267.00
247.00
296.00
276.00
305.00
270.00
272.00
260.00
264.00
267.00
270.00
292.00
282.00
285.00
292.00,471.37
263.00
262.00
292.00
236.00
272.00
270.00
251.00
246.00
239.00
256.00
263.00
256.00
253.00
261.00
255.00
287.00
258.00
272.00,162.34
255.00
250.00
261.00
256.00
262.00
297.00
284.00
272.00
254.00
282.00
257.00
222.00
302.00
262.00
268.00
272.00
264.00
264.00
247.00
277.00
269.00
274.00
248.00
258.00
259.00
241.00
260.00
260.00
256.00
260.00
257.00,1929.97
230.00
245.00
254.00
231.00
255.00
272.00
292.00
262.00
232.00
290.00
241.00
272.00
258.00
283.00
264.00
299.00
247.00
270.00
261.00
282.00
274.00
285.00
268.00
257.00
284.00
226.00
273.00
289.00
279.00,1316.98
277.00
249.00
259.00
273.00
251.00
246.00
271.00
267.00
274.00
255.00
255.00
276.00
242.00
243.00
262.00
249.00
282.00
276.00
248.00
260.00
255.00
275.00
298.00
277.00
278.00
275.00
289.00
249.00
264.00
262.00,1507.94
258.00
243.00
257.00
272.00
285.00
245.00
262.00
299.00
284.00
273.00
273.00
289.00
283.00
237.00
269.00
272.00
289.00
258.00
258.00
254.00
265.00,702.51
276.00
234.00
279.00
254.00
262.00
279.00
263.00
287.00
288.00
279.00
278.00
272.00
278.00
270.00
297.00
294.00
273.00,0.62
252.00
283.00
270.00
259.00
262.00
251.00
286.00
237.00
276.00
255.00
251.00
263.00
259.00
276.00
248.00
235.00
240.00
283.00,1783.18
265.00
258.00
285.00
297.00
273.00
242.00
269.00
249.00
264.00
250.00
278.00
265.00
271.00
273.00
269.00
277.00
275.00,0.62
280.00
286.00
255.00
286.00
294.00
266.00
282.00
289.00
292.00
260.00
261.00
250.00
290.00
283.00
239.00
276.00
256.00,0.62
267.00
297.00
259.00
269.00
273.00
279.00
281.00
250.00
286.00
268.00
262.00
274.00
264.00
258.00
267.00
270.00
285.00,0.62
263.00
293.00
303.00
264.00
269.00
272.00
255.00
264.00
268.00
234.00
275.00
276.00
291.00
266.00
268.00
253.00
271.00,0.62
249.00
275.00
254.00
252.00
271.00
254.00
275.00
234.00
264.00
278.00
238.00
278.00
270.00
266.00
257.00
275.00
276.00,0.62
274.00
252.00
272.00
279.00
298.00
277.00
254.00
259.00
274.00
278.00
256.00
285.00
264.00
281.00
260.00
267.00
263.00
277.00,22.04
280.00
267.00
259.00
255.00
263.00
258.00
252.00
283.00
245.00
245.00
273.00
261.00
285.00
264.00
259.00
246.00
261.00,0.62
273.00
250.00
285.00
274.00
290.00
275.00
289.00
277.00
281.00
261.00
269.00
273.00
278.00
270.00
270.00
258.00
288.00
275.00
253.00
251.00,5571.79
283.00
254.00
288.00
264.00
245.00
259.00
268.00
292.00
307.00
275.00
280.00
310.00
266.00
280.00
264.00
255.00
275.00
262.00
266.00,304.75
277.00
276.00
310.00
269.00
303.00
249.00
263.00
294.00
260.00
273.00
276.00
273.00
279.00
270.00
276.00
265.00
273.00
258.00
268.00,232.14
282.00
287.00
287.00
272.00
261.00
242.00
251.00
270.00
289.00
255.00
265.00
300.00
269.00
264.00
278.00
274.00
258.00
274.00
264.00
252.00
272.00
286.00
272.00
253.00
266.00
287.00
263.00
264.00,1843.21
290.00
243.00
284.00
265.00
249.00
278.00
301.00
283.00
286.00
280.00
254.00
282.00
254.00
269.00
266.00
281.00
277.00
292.00
284.00
282.00
265.00
263.00
272.00
285.00
266.00
266.00
243.00
286.00
249.00
231.00
266.00
236.00
281.00
281.00,4017.11
254.00
250.00
271.00
287.00
272.00
276.00
259.00
281.00
241.00
269.00
289.00
250.00
253.00
277.00
273.00
281.00
250.00
287.00
267.00
257.00
238.00
245.00
281.00,1491.94
287.00
277.00
261.00
257.00
281.00
269.00
269.00
260.00
266.00
246.00
267.00
261.00
268.00
288.00
226.00
263.00
232.00,0.62
267.00
269.00
256.00
273.00
267.00
257.00
254.00
253.00
261.00
259.00
255.00
252.00
267.00
272.00
255.00
247.00
282.00,0.62
263.00
259.00
292.00
272.00
257.00
264.00
280.00
278.00
274.00
223.00
259.00
274.00
259.00
260.00
277.00
257.00
244.00
279.00,2412.64
274.00
248.00
242.00
256.00
279.00
264.00
266.00
280.00
266.00
263.00
278.00
270.00
257.00
247.00
262.00
255.00
256.00
284.00
257.00
270.00
244.00
269.00
289.00
211.00,4348.58
244.00
272.00
259.00
264.00
283.00
288.00
276.00
266.00
255.00
272.00
272.00
288.00
275.00
298.00
264.00
249.00
262.00
280.00
258.00
260.00
264.00
280.00
281.00
266.00
256.00
264.00
273.00
263.00
288.00
252.00,5338.21
285.00
267.00
264.00
250.00
272.00
269.00
286.00
275.00
277.00
277.00
268.00
273.00
267.00
268.00
276.00
315.00
287.00
272.00
254.00
297.00
294.00
252.00
278.00
273.00
244.00
295.00
271.00
283.00
277.00
273.00
295.00
263.00
285.00
264.00
262.00
274.00
278.00
273.00
278.00
279.00
262.00
263.00,11129.67
301.00
279.00
289.00
274.00
277.00
292.00
238.00
276.00
286.00
291.00
290.00
293.00
273.00
254.00
283.00
260.00
256.00
277.00
256.00
271.00
265.00
282.00
258.00
274.00
256.00
279.00
262.00
253.00
275.00
254.00
288.00
258.00
290.00,1987.77
269.00
288.00
272.00
269.00
284.00
290.00
262.00
289.00
266.00
263.00
281.00
248.00
264.00
235.00
232.00
294.00
261.00
290.00
268.00
300.00
263.00
258.00,899.11
274.00
278.00
285.00
266.00
258.00
265.00
289.00
274.00
296.00
291.00
252.00
254.00
258.00
235.00
266.00
263.00
260.00
263.00
283.00
286.00
302.00
259.00
270.00
253.00
285.00
249.00
270.00
268.00
263.00,1790.90
285.00
238.00
251.00
265.00
266.00
275.00
280.00
254.00
272.00
257.00
258.00
250.00
269.00
243.00
298.00
272.00
262.00
244.00
270.00
272.00
250.00
269.00
244.00
276.00
261.00
261.00
273.00
265.00,1799.51
250.00
266.00
265.00
275.00
305.00
305.00
282.00
279.00
272.00
290.00
250.00
272.00
269.00
269.00
249.00
245.00
264.00
246.00
281.00
271.00
282.00
262.00
248.00
290.00
291.00
273.00
265.00
276.00
265.00
285.00,4066.20
280.00
242.00
267.00
277.00
256.00
276.00
266.00
255.00
262.00
278.00
258.00
265.00
275.00
252.00
266.00
245.00
268.00,0.62
271.00
281.00
271.00
249.00
252.00
272.00
257.00
263.00
245.00
274.00
269.00
269.00
275.00
256.00
266.00
268.00
277.00
235.00
266.00
294.00
292.00,5251.12
247.00
258.00
245.00
248.00
258.00
273.00
279.00
248.00
272.00
267.00
269.00
266.00
265.00
257.00
272.00
260.00
286.00
272.00
278.00
256.00
261.00
272.00
254.00
257.00
283.00,7075.53
287.00
283.00
270.00
280.00
265.00
285.00
263.00
257.00
251.00
257.00
289.00
260.00
265.00
263.00
270.00
270.00
265.00,0.62
283.00
291.00
277.00
284.00
272.00
264.00
275.00
257.00
264.00
263.00
282.00
265.00
236.00
266.00
240.00
266.00
261.00,0.62
276.00
275.00
268.00
294.00
281.00
259.00
255.00
264.00
241.00
257.00
219.00
271.00
232.00
267.00
288.00
251.00
275.00
282.00,195.87
256.00
266.00
318.00
265.00
303.00
304.00
269.00
289.00
293.00
301.00
282.00
272.00
275.00
280.00
297.00
243.00
281.00
280.00
266.00
286.00
262.00
277.00
284.00,6262.10
270.00
280.00
256.00
87.00
284.00
303.00
292.00
281.00
254.00
283.00
301.00
277.00
266.00
248.00
256.00
251.00
245.00
281.00
244.00
278.00
275.00
274.00
268.00
261.00
272.00,3538.96
263.00
261.00
264.00
265.00
279.00
245.00
256.00
264.00
270.00
282.00
259.00
280.00
269.00
303.00
255.00
294.00
242.00
288.00
260.00
297.00,6593.40
257.00
278.00
265.00
265.00
257.00
257.00
287.00
256.00
264.00
266.00
279.00
269.00
241.00
285.00
299.00
261.00
288.00
262.00
256.00
262.00
269.00
258.00
257.00
268.00
269.00
254.00
281.00,1401.99
284.00
252.00
301.00
252.00
257.00
273.00
244.00
286.00
263.00
247.00
263.00
254.00
272.00
256.00
269.00
275.00
242.00
260.00
276.00
278.00
258.00,389.65
267.00
263.00
273.00
265.00
275.00
282.00
274.00
269.00
256.00
290.00
280.00
264.00
286.00
275.00
283.00
267.00
288.00
268.00
277.00
272.00
286.00
259.00
268.00,701.43
274.00
270.00
254.00
257.00
260.00
250.00
254.00
278.00
245.00
272.00
256.00
250.00
241.00
238.00
265.00
262.00
238.00
272.00
332.00
274.00
256.00
272.00
286.00
286.00,953.93
263.00
301.00
268.00
254.00
264.00
267.00
274.00
270.00
251.00
281.00
266.00
308.00
263.00
272.00
261.00
273.00
283.00
279.00
261.00
264.00
236.00
247.00
259.00
263.00
252.00
266.00
256.00
286.00,1077.61
267.00
263.00
258.00
293.00
275.00
253.00
285.00
241.00
260.00
271.00
274.00
301.00
270.00
265.00
296.00
260.00
272.00
259.00
273.00
280.00
268.00
266.00
254.00
268.00
245.00
260.00
270.00
261.00
268.00
268.00
296.00
278.00
268.00
281.00
266.00,5760.45
261.00
274.00
281.00
273.00
274.00
285.00
286.00
272.00
271.00
259.00
283.00
256.00
249.00
261.00
247.00
262.00
278.00
266.00
245.00
274.00
290.00
255.00
253.00
288.00
247.00
272.00
286.00
309.00,1581.25
256.00
285.00
266.00
256.00
278.00
278.00
295.00
251.00
273.00
251.00
244.00
278.00
278.00
268.00
258.00
274.00
279.00
269.00
260.00
283.00
243.00
270.00
289.00
251.00
252.00
263.00
271.00
265.00,1295.19
283.00
276.00
255.00
258.00
260.00
272.00
259.00
264.00
265.00
265.00
264.00
248.00
257.00
246.00
260.00
267.00
283.00
273.00
256.00
247.00
246.00
241.00,529.38
270.00
273.00
273.00
280.00
252.00
237.00
248.00
261.00
277.00
282.00
276.00
277.00
258.00
267.00
286.00
264.00
239.00
257.00
263.00
255.00
265.00
265.00
276.00
267.00
298.00,1572.76
275.00
284.00
292.00
262.00
274.00
272.00
253.00
255.00
297.00
246.00
284.00
245.00
264.00
257.00
256.00
275.00
255.00
253.00
259.00
238.00
271.00
298.00
282.00
234.00,1045.89
293.00
251.00
247.00
240.00
269.00
266.00
256.00
259.00
267.00
274.00
245.00
246.00
265.00
245.00
244.00
269.00
277.00
256.00
262.00
288.00
247.00
280.00
252.00
250.00
275.00
283.00
275.00,1003.07
270.00
247.00
274.00
268.00
284.00
254.00
258.00
271.00
254.00
234.00
276.00
275.00
269.00
272.00
281.00
272.00
281.00
262.00
294.00
274.00
271.00
299.00
242.00
290.00
280.00
276.00
247.00
273.00
242.00
273.00,1548.80
259.00
271.00
272.00
269.00
264.00
262.00
290.00
285.00
280.00
275.00
257.00
253.00
291.00
260.00
263.00
275.00
238.00
255.00
260.00
265.00
256.00
241.00
276.00
218.00
244.00,897.35
254.00
240.00
264.00
246.00
281.00
289.00
267.00
243.00
272.00
287.00
271.00
232.00
277.00
276.00
248.00
241.00
256.00
262.00
254.00
254.00
272.00
278.00
254.00
277.00
260.00,1158.77
270.00
253.00
281.00
278.00
274.00
276.00
256.00
251.00
255.00
231.00
293.00
49.00
251.00
237.00
242.00
265.00
292.00
250.00
291.00
276.00
281.00
256.00
270.00
275.00
283.00
285.00
271.00
267.00
247.00
266.00
279.00,2087.96
269.00
275.00
293.00
288.00
273.00
262.00
260.00
255.00
281.00
247.00
262.00
263.00
278.00
292.00
236.00
269.00
244.00
258.00
261.00
248.00
288.00
272.00
274.00
282.00
245.00
276.00
259.00
276.00
263.00
269.00
280.00
260.00
309.00
266.00
281.00,2235.07
265.00
257.00
272.00
286.00
267.00
279.00
297.00
271.00
262.00
252.00
239.00
254.00
271.00
259.00
272.00
289.00
275.00
288.00
267.00
304.00
270.00
268.00
292.00
271.00
253.00
266.00
251.00
254.00
243.00,2292.05
274.00
298.00
267.00
260.00
271.00
264.00
281.00
266.00
262.00
298.00
252.00
253.00
262.00
259.00
270.00
289.00
292.00
269.00
249.00
252.00
254.00
254.00
279.00
253.00
265.00,2377.70
265.00
281.00
282.00
263.00
287.00
270.00
281.00
268.00
275.00
262.00
255.00
292.00
249.00
267.00
262.00
252.00
242.00
281.00
256.00
283.00
266.00
276.00
247.00
263.00
278.00
253.00
271.00
260.00
251.00,2426.20
269.00
257.00
256.00
292.00
264.00
272.00
302.00
284.00
271.00
287.00
251.00
278.00
285.00
256.00
245.00
268.00
266.00
251.00
259.00
271.00
252.00
281.00
251.00
283.00
270.00
246.00
285.00
264.00
268.00
262.00,1658.00
235.00
269.00
251.00
260.00
262.00
282.00
243.00
237.00
249.00
258.00
289.00
262.00
273.00
288.00
281.00
275.00
277.00
273.00
262.00
275.00
290.00
293.00
245.00
273.00
284.00
225.00
260.00
260.00
295.00
248.00,1045.70
253.00
254.00
253.00
263.00
276.00
250.00
245.00
248.00
254.00
276.00
276.00
271.00
273.00
276.00
251.00
257.00
254.00
263.00
260.00
250.00
238.00
260.00
248.00,714.79
259.00
264.00
266.00
269.00
252.00
265.00
291.00
279.00
280.00
263.00
251.00
249.00
278.00
265.00
261.00
271.00
262.00
276.00
276.00
295.00
251.00
271.00
254.00
259.00
298.00
281.00
299.00
310.00,1419.33
298.00
264.00
248.00
285.00
256.00
285.00
258.00
283.00
284.00
248.00
293.00
280.00
256.00
311.00
277.00
286.00
281.00
286.00
265.00
266.00
271.00
263.00
310.00
271.00
263.00
265.00
280.00
317.00
265.00
243.00
276.00,3254.32
265.00
280.00
274.00
268.00
257.00
244.00
245.00
273.00
245.00
257.00
273.00
271.00
263.00
277.00
286.00
285.00
286.00
274.00
273.00
257.00
235.00
254.00
250.00
289.00,711.03
260.00
268.00
284.00
263.00
282.00
269.00
272.00
267.00
275.00
277.00
287.00
273.00
272.00
271.00
263.00
294.00
269.00
301.00
255.00
258.00
245.00
266.00
274.00,550.94
261.00
251.00
278.00
272.00
250.00
261.00
281.00
264.00
286.00
265.00
269.00
273.00
272.00
258.00
273.00
288.00
263.00
260.00
254.00
259.00
269.00
250.00
253.00
260.00
257.00
269.00
256.00
253.00
252.00,1301.84
252.00
277.00
281.00
282.00
278.00
241.00
267.00
247.00
274.00
286.00
256.00
274.00
262.00
287.00
258.00
288.00
279.00
275.00
281.00
228.00
282.00
278.00
262.00
270.00
302.00
280.00
275.00
278.00
260.00
269.00
260.00
294.00
250.00
267.00,2394.76
257.00
270.00
251.00
236.00
251.00
269.00
248.00
259.00
285.00
246.00
282.00
270.00
269.00
280.00
238.00
263.00
241.00
265.00
271.00
284.00
257.00
275.00,459.85
256.00
290.00
283.00
266.00
264.00
257.00
274.00
257.00
239.00
264.00
270.00
275.00
247.00
253.00
267.00
245.00
273.00
276.00
253.00
247.00
284.00
264.00
236.00
242.00
274.00
265.00
259.00
276.00
272.00
244.00,1437.03
247.00
268.00
267.00
258.00
258.00
264.00
267.00
259.00
274.00
246.00
290.00
244.00
275.00
269.00
225.00
278.00
242.00
264.00
262.00
259.00
252.00
256.00
257.00
266.00
248.00
260.00
262.00
238.00
253.00
296.00
266.00
276.00
272.00,5017.64
283.00
269.00
277.00
288.00
262.00
232.00
271.00
240.00
252.00
247.00
251.00
259.00
259.00
253.00
247.00
258.00
315.00